1.0 0.0 0
1.0 0.0 1
1.0 0.0 2
1.0 0.0 3
1.0 0.0 4
1.0 0.0 5
1.0 0.0 6
1.0 0.0 7
1.0 0.0 8
1.0 0.0 9
0.9950041652780258 0.09983341664682815 0
0.9950041652780258 0.09983341664682815 1
0.9950041652780258 0.09983341664682815 2
0.9950041652780258 0.09983341664682815 3
0.9950041652780258 0.09983341664682815 4
0.9950041652780258 0.09983341664682815 5
0.9950041652780258 0.09983341664682815 6
0.9950041652780258 0.09983341664682815 7
0.9950041652780258 0.09983341664682815 8
0.9950041652780258 0.09983341664682815 9
0.9800665778412416 0.19866933079506122 0
0.9800665778412416 0.19866933079506122 1
0.9800665778412416 0.19866933079506122 2
0.9800665778412416 0.19866933079506122 3
0.9800665778412416 0.19866933079506122 4
0.9800665778412416 0.19866933079506122 5
0.9800665778412416 0.19866933079506122 6
0.9800665778412416 0.19866933079506122 7
0.9800665778412416 0.19866933079506122 8
0.9800665778412416 0.19866933079506122 9
0.955336489125606 0.2955202066613396 0
0.955336489125606 0.2955202066613396 1
0.955336489125606 0.2955202066613396 2
0.955336489125606 0.2955202066613396 3
0.955336489125606 0.2955202066613396 4
0.955336489125606 0.2955202066613396 5
0.955336489125606 0.2955202066613396 6
0.955336489125606 0.2955202066613396 7
0.955336489125606 0.2955202066613396 8
0.955336489125606 0.2955202066613396 9
0.9210609940028851 0.3894183423086505 0
0.9210609940028851 0.3894183423086505 1
0.9210609940028851 0.3894183423086505 2
0.9210609940028851 0.3894183423086505 3
0.9210609940028851 0.3894183423086505 4
0.9210609940028851 0.3894183423086505 5
0.9210609940028851 0.3894183423086505 6
0.9210609940028851 0.3894183423086505 7
0.9210609940028851 0.3894183423086505 8
0.9210609940028851 0.3894183423086505 9
0.8775825618903728 0.479425538604203 0
0.8775825618903728 0.479425538604203 1
0.8775825618903728 0.479425538604203 2
0.8775825618903728 0.479425538604203 3
0.8775825618903728 0.479425538604203 4
0.8775825618903728 0.479425538604203 5
0.8775825618903728 0.479425538604203 6
0.8775825618903728 0.479425538604203 7
0.8775825618903728 0.479425538604203 8
0.8775825618903728 0.479425538604203 9
0.8253356149096782 0.5646424733950355 0
0.8253356149096782 0.5646424733950355 1
0.8253356149096782 0.5646424733950355 2
0.8253356149096782 0.5646424733950355 3
0.8253356149096782 0.5646424733950355 4
0.8253356149096782 0.5646424733950355 5
0.8253356149096782 0.5646424733950355 6
0.8253356149096782 0.5646424733950355 7
0.8253356149096782 0.5646424733950355 8
0.8253356149096782 0.5646424733950355 9
0.7648421872844884 0.6442176872376911 0
0.7648421872844884 0.6442176872376911 1
0.7648421872844884 0.6442176872376911 2
0.7648421872844884 0.6442176872376911 3
0.7648421872844884 0.6442176872376911 4
0.7648421872844884 0.6442176872376911 5
0.7648421872844884 0.6442176872376911 6
0.7648421872844884 0.6442176872376911 7
0.7648421872844884 0.6442176872376911 8
0.7648421872844884 0.6442176872376911 9
0.6967067093471654 0.7173560908995228 0
0.6967067093471654 0.7173560908995228 1
0.6967067093471654 0.7173560908995228 2
0.6967067093471654 0.7173560908995228 3
0.6967067093471654 0.7173560908995228 4
0.6967067093471654 0.7173560908995228 5
0.6967067093471654 0.7173560908995228 6
0.6967067093471654 0.7173560908995228 7
0.6967067093471654 0.7173560908995228 8
0.6967067093471654 0.7173560908995228 9
0.6216099682706644 0.7833269096274834 0
0.6216099682706644 0.7833269096274834 1
0.6216099682706644 0.7833269096274834 2
0.6216099682706644 0.7833269096274834 3
0.6216099682706644 0.7833269096274834 4
0.6216099682706644 0.7833269096274834 5
0.6216099682706644 0.7833269096274834 6
0.6216099682706644 0.7833269096274834 7
0.6216099682706644 0.7833269096274834 8
0.6216099682706644 0.7833269096274834 9
0.5403023058681398 0.8414709848078965 0
0.5403023058681398 0.8414709848078965 1
0.5403023058681398 0.8414709848078965 2
0.5403023058681398 0.8414709848078965 3
0.5403023058681398 0.8414709848078965 4
0.5403023058681398 0.8414709848078965 5
0.5403023058681398 0.8414709848078965 6
0.5403023058681398 0.8414709848078965 7
0.5403023058681398 0.8414709848078965 8
0.5403023058681398 0.8414709848078965 9
0.4535961214255773 0.8912073600614354 0
0.4535961214255773 0.8912073600614354 1
0.4535961214255773 0.8912073600614354 2
0.4535961214255773 0.8912073600614354 3
0.4535961214255773 0.8912073600614354 4
0.4535961214255773 0.8912073600614354 5
0.4535961214255773 0.8912073600614354 6
0.4535961214255773 0.8912073600614354 7
0.4535961214255773 0.8912073600614354 8
0.4535961214255773 0.8912073600614354 9
0.3623577544766734 0.9320390859672264 0
0.3623577544766734 0.9320390859672264 1
0.3623577544766734 0.9320390859672264 2
0.3623577544766734 0.9320390859672264 3
0.3623577544766734 0.9320390859672264 4
0.3623577544766734 0.9320390859672264 5
0.3623577544766734 0.9320390859672264 6
0.3623577544766734 0.9320390859672264 7
0.3623577544766734 0.9320390859672264 8
0.3623577544766734 0.9320390859672264 9
0.26749882862458735 0.963558185417193 0
0.26749882862458735 0.963558185417193 1
0.26749882862458735 0.963558185417193 2
0.26749882862458735 0.963558185417193 3
0.26749882862458735 0.963558185417193 4
0.26749882862458735 0.963558185417193 5
0.26749882862458735 0.963558185417193 6
0.26749882862458735 0.963558185417193 7
0.26749882862458735 0.963558185417193 8
0.26749882862458735 0.963558185417193 9
0.16996714290024081 0.9854497299884603 0
0.16996714290024081 0.9854497299884603 1
0.16996714290024081 0.9854497299884603 2
0.16996714290024081 0.9854497299884603 3
0.16996714290024081 0.9854497299884603 4
0.16996714290024081 0.9854497299884603 5
0.16996714290024081 0.9854497299884603 6
0.16996714290024081 0.9854497299884603 7
0.16996714290024081 0.9854497299884603 8
0.16996714290024081 0.9854497299884603 9
0.0707372016677029 0.9974949866040544 0
0.0707372016677029 0.9974949866040544 1
0.0707372016677029 0.9974949866040544 2
0.0707372016677029 0.9974949866040544 3
0.0707372016677029 0.9974949866040544 4
0.0707372016677029 0.9974949866040544 5
0.0707372016677029 0.9974949866040544 6
0.0707372016677029 0.9974949866040544 7
0.0707372016677029 0.9974949866040544 8
0.0707372016677029 0.9974949866040544 9
-0.029199522301288815 0.9995736030415051 0
-0.029199522301288815 0.9995736030415051 1
-0.029199522301288815 0.9995736030415051 2
-0.029199522301288815 0.9995736030415051 3
-0.029199522301288815 0.9995736030415051 4
-0.029199522301288815 0.9995736030415051 5
-0.029199522301288815 0.9995736030415051 6
-0.029199522301288815 0.9995736030415051 7
-0.029199522301288815 0.9995736030415051 8
-0.029199522301288815 0.9995736030415051 9
-0.12884449429552486 0.9916648104524686 0
-0.12884449429552486 0.9916648104524686 1
-0.12884449429552486 0.9916648104524686 2
-0.12884449429552486 0.9916648104524686 3
-0.12884449429552486 0.9916648104524686 4
-0.12884449429552486 0.9916648104524686 5
-0.12884449429552486 0.9916648104524686 6
-0.12884449429552486 0.9916648104524686 7
-0.12884449429552486 0.9916648104524686 8
-0.12884449429552486 0.9916648104524686 9
-0.2272020946930871 0.9738476308781951 0
-0.2272020946930871 0.9738476308781951 1
-0.2272020946930871 0.9738476308781951 2
-0.2272020946930871 0.9738476308781951 3
-0.2272020946930871 0.9738476308781951 4
-0.2272020946930871 0.9738476308781951 5
-0.2272020946930871 0.9738476308781951 6
-0.2272020946930871 0.9738476308781951 7
-0.2272020946930871 0.9738476308781951 8
-0.2272020946930871 0.9738476308781951 9
-0.3232895668635036 0.9463000876874145 0
-0.3232895668635036 0.9463000876874145 1
-0.3232895668635036 0.9463000876874145 2
-0.3232895668635036 0.9463000876874145 3
-0.3232895668635036 0.9463000876874145 4
-0.3232895668635036 0.9463000876874145 5
-0.3232895668635036 0.9463000876874145 6
-0.3232895668635036 0.9463000876874145 7
-0.3232895668635036 0.9463000876874145 8
-0.3232895668635036 0.9463000876874145 9
-0.4161468365471424 0.9092974268256817 0
-0.4161468365471424 0.9092974268256817 1
-0.4161468365471424 0.9092974268256817 2
-0.4161468365471424 0.9092974268256817 3
-0.4161468365471424 0.9092974268256817 4
-0.4161468365471424 0.9092974268256817 5
-0.4161468365471424 0.9092974268256817 6
-0.4161468365471424 0.9092974268256817 7
-0.4161468365471424 0.9092974268256817 8
-0.4161468365471424 0.9092974268256817 9
-0.5048461045998576 0.8632093666488737 0
-0.5048461045998576 0.8632093666488737 1
-0.5048461045998576 0.8632093666488737 2
-0.5048461045998576 0.8632093666488737 3
-0.5048461045998576 0.8632093666488737 4
-0.5048461045998576 0.8632093666488737 5
-0.5048461045998576 0.8632093666488737 6
-0.5048461045998576 0.8632093666488737 7
-0.5048461045998576 0.8632093666488737 8
-0.5048461045998576 0.8632093666488737 9
-0.5885011172553458 0.8084964038195901 0
-0.5885011172553458 0.8084964038195901 1
-0.5885011172553458 0.8084964038195901 2
-0.5885011172553458 0.8084964038195901 3
-0.5885011172553458 0.8084964038195901 4
-0.5885011172553458 0.8084964038195901 5
-0.5885011172553458 0.8084964038195901 6
-0.5885011172553458 0.8084964038195901 7
-0.5885011172553458 0.8084964038195901 8
-0.5885011172553458 0.8084964038195901 9
-0.6662760212798244 0.74570521217672 0
-0.6662760212798244 0.74570521217672 1
-0.6662760212798244 0.74570521217672 2
-0.6662760212798244 0.74570521217672 3
-0.6662760212798244 0.74570521217672 4
-0.6662760212798244 0.74570521217672 5
-0.6662760212798244 0.74570521217672 6
-0.6662760212798244 0.74570521217672 7
-0.6662760212798244 0.74570521217672 8
-0.6662760212798244 0.74570521217672 9
-0.7373937155412458 0.6754631805511506 0
-0.7373937155412458 0.6754631805511506 1
-0.7373937155412458 0.6754631805511506 2
-0.7373937155412458 0.6754631805511506 3
-0.7373937155412458 0.6754631805511506 4
-0.7373937155412458 0.6754631805511506 5
-0.7373937155412458 0.6754631805511506 6
-0.7373937155412458 0.6754631805511506 7
-0.7373937155412458 0.6754631805511506 8
-0.7373937155412458 0.6754631805511506 9
-0.8011436155469337 0.5984721441039564 0
-0.8011436155469337 0.5984721441039564 1
-0.8011436155469337 0.5984721441039564 2
-0.8011436155469337 0.5984721441039564 3
-0.8011436155469337 0.5984721441039564 4
-0.8011436155469337 0.5984721441039564 5
-0.8011436155469337 0.5984721441039564 6
-0.8011436155469337 0.5984721441039564 7
-0.8011436155469337 0.5984721441039564 8
-0.8011436155469337 0.5984721441039564 9
-0.8568887533689473 0.5155013718214642 0
-0.8568887533689473 0.5155013718214642 1
-0.8568887533689473 0.5155013718214642 2
-0.8568887533689473 0.5155013718214642 3
-0.8568887533689473 0.5155013718214642 4
-0.8568887533689473 0.5155013718214642 5
-0.8568887533689473 0.5155013718214642 6
-0.8568887533689473 0.5155013718214642 7
-0.8568887533689473 0.5155013718214642 8
-0.8568887533689473 0.5155013718214642 9
-0.9040721420170612 0.4273798802338298 0
-0.9040721420170612 0.4273798802338298 1
-0.9040721420170612 0.4273798802338298 2
-0.9040721420170612 0.4273798802338298 3
-0.9040721420170612 0.4273798802338298 4
-0.9040721420170612 0.4273798802338298 5
-0.9040721420170612 0.4273798802338298 6
-0.9040721420170612 0.4273798802338298 7
-0.9040721420170612 0.4273798802338298 8
-0.9040721420170612 0.4273798802338298 9
-0.9422223406686583 0.33498815015590466 0
-0.9422223406686583 0.33498815015590466 1
-0.9422223406686583 0.33498815015590466 2
-0.9422223406686583 0.33498815015590466 3
-0.9422223406686583 0.33498815015590466 4
-0.9422223406686583 0.33498815015590466 5
-0.9422223406686583 0.33498815015590466 6
-0.9422223406686583 0.33498815015590466 7
-0.9422223406686583 0.33498815015590466 8
-0.9422223406686583 0.33498815015590466 9
-0.9709581651495907 0.23924932921398198 0
-0.9709581651495907 0.23924932921398198 1
-0.9709581651495907 0.23924932921398198 2
-0.9709581651495907 0.23924932921398198 3
-0.9709581651495907 0.23924932921398198 4
-0.9709581651495907 0.23924932921398198 5
-0.9709581651495907 0.23924932921398198 6
-0.9709581651495907 0.23924932921398198 7
-0.9709581651495907 0.23924932921398198 8
-0.9709581651495907 0.23924932921398198 9
-0.9899924966004454 0.1411200080598672 0
-0.9899924966004454 0.1411200080598672 1
-0.9899924966004454 0.1411200080598672 2
-0.9899924966004454 0.1411200080598672 3
-0.9899924966004454 0.1411200080598672 4
-0.9899924966004454 0.1411200080598672 5
-0.9899924966004454 0.1411200080598672 6
-0.9899924966004454 0.1411200080598672 7
-0.9899924966004454 0.1411200080598672 8
-0.9899924966004454 0.1411200080598672 9
-0.9991351502732795 0.04158066243329049 0
-0.9991351502732795 0.04158066243329049 1
-0.9991351502732795 0.04158066243329049 2
-0.9991351502732795 0.04158066243329049 3
-0.9991351502732795 0.04158066243329049 4
-0.9991351502732795 0.04158066243329049 5
-0.9991351502732795 0.04158066243329049 6
-0.9991351502732795 0.04158066243329049 7
-0.9991351502732795 0.04158066243329049 8
-0.9991351502732795 0.04158066243329049 9
-0.9982947757947531 -0.058374143427580086 0
-0.9982947757947531 -0.058374143427580086 1
-0.9982947757947531 -0.058374143427580086 2
-0.9982947757947531 -0.058374143427580086 3
-0.9982947757947531 -0.058374143427580086 4
-0.9982947757947531 -0.058374143427580086 5
-0.9982947757947531 -0.058374143427580086 6
-0.9982947757947531 -0.058374143427580086 7
-0.9982947757947531 -0.058374143427580086 8
-0.9982947757947531 -0.058374143427580086 9
-0.9874797699088649 -0.15774569414324865 0
-0.9874797699088649 -0.15774569414324865 1
-0.9874797699088649 -0.15774569414324865 2
-0.9874797699088649 -0.15774569414324865 3
-0.9874797699088649 -0.15774569414324865 4
-0.9874797699088649 -0.15774569414324865 5
-0.9874797699088649 -0.15774569414324865 6
-0.9874797699088649 -0.15774569414324865 7
-0.9874797699088649 -0.15774569414324865 8
-0.9874797699088649 -0.15774569414324865 9
-0.9667981925794609 -0.25554110202683167 0
-0.9667981925794609 -0.25554110202683167 1
-0.9667981925794609 -0.25554110202683167 2
-0.9667981925794609 -0.25554110202683167 3
-0.9667981925794609 -0.25554110202683167 4
-0.9667981925794609 -0.25554110202683167 5
-0.9667981925794609 -0.25554110202683167 6
-0.9667981925794609 -0.25554110202683167 7
-0.9667981925794609 -0.25554110202683167 8
-0.9667981925794609 -0.25554110202683167 9
-0.9364566872907963 -0.35078322768961984 0
-0.9364566872907963 -0.35078322768961984 1
-0.9364566872907963 -0.35078322768961984 2
-0.9364566872907963 -0.35078322768961984 3
-0.9364566872907963 -0.35078322768961984 4
-0.9364566872907963 -0.35078322768961984 5
-0.9364566872907963 -0.35078322768961984 6
-0.9364566872907963 -0.35078322768961984 7
-0.9364566872907963 -0.35078322768961984 8
-0.9364566872907963 -0.35078322768961984 9
-0.896758416334147 -0.44252044329485246 0
-0.896758416334147 -0.44252044329485246 1
-0.896758416334147 -0.44252044329485246 2
-0.896758416334147 -0.44252044329485246 3
-0.896758416334147 -0.44252044329485246 4
-0.896758416334147 -0.44252044329485246 5
-0.896758416334147 -0.44252044329485246 6
-0.896758416334147 -0.44252044329485246 7
-0.896758416334147 -0.44252044329485246 8
-0.896758416334147 -0.44252044329485246 9
-0.848100031710408 -0.5298361409084934 0
-0.848100031710408 -0.5298361409084934 1
-0.848100031710408 -0.5298361409084934 2
-0.848100031710408 -0.5298361409084934 3
-0.848100031710408 -0.5298361409084934 4
-0.848100031710408 -0.5298361409084934 5
-0.848100031710408 -0.5298361409084934 6
-0.848100031710408 -0.5298361409084934 7
-0.848100031710408 -0.5298361409084934 8
-0.848100031710408 -0.5298361409084934 9
-0.7909677119144165 -0.6118578909427193 0
-0.7909677119144165 -0.6118578909427193 1
-0.7909677119144165 -0.6118578909427193 2
-0.7909677119144165 -0.6118578909427193 3
-0.7909677119144165 -0.6118578909427193 4
-0.7909677119144165 -0.6118578909427193 5
-0.7909677119144165 -0.6118578909427193 6
-0.7909677119144165 -0.6118578909427193 7
-0.7909677119144165 -0.6118578909427193 8
-0.7909677119144165 -0.6118578909427193 9
-0.7259323042001399 -0.6877661591839741 0
-0.7259323042001399 -0.6877661591839741 1
-0.7259323042001399 -0.6877661591839741 2
-0.7259323042001399 -0.6877661591839741 3
-0.7259323042001399 -0.6877661591839741 4
-0.7259323042001399 -0.6877661591839741 5
-0.7259323042001399 -0.6877661591839741 6
-0.7259323042001399 -0.6877661591839741 7
-0.7259323042001399 -0.6877661591839741 8
-0.7259323042001399 -0.6877661591839741 9
-0.6536436208636119 -0.7568024953079282 0
-0.6536436208636119 -0.7568024953079282 1
-0.6536436208636119 -0.7568024953079282 2
-0.6536436208636119 -0.7568024953079282 3
-0.6536436208636119 -0.7568024953079282 4
-0.6536436208636119 -0.7568024953079282 5
-0.6536436208636119 -0.7568024953079282 6
-0.6536436208636119 -0.7568024953079282 7
-0.6536436208636119 -0.7568024953079282 8
-0.6536436208636119 -0.7568024953079282 9
-0.5748239465332685 -0.8182771110644108 0
-0.5748239465332685 -0.8182771110644108 1
-0.5748239465332685 -0.8182771110644108 2
-0.5748239465332685 -0.8182771110644108 3
-0.5748239465332685 -0.8182771110644108 4
-0.5748239465332685 -0.8182771110644108 5
-0.5748239465332685 -0.8182771110644108 6
-0.5748239465332685 -0.8182771110644108 7
-0.5748239465332685 -0.8182771110644108 8
-0.5748239465332685 -0.8182771110644108 9
-0.4902608213406994 -0.8715757724135882 0
-0.4902608213406994 -0.8715757724135882 1
-0.4902608213406994 -0.8715757724135882 2
-0.4902608213406994 -0.8715757724135882 3
-0.4902608213406994 -0.8715757724135882 4
-0.4902608213406994 -0.8715757724135882 5
-0.4902608213406994 -0.8715757724135882 6
-0.4902608213406994 -0.8715757724135882 7
-0.4902608213406994 -0.8715757724135882 8
-0.4902608213406994 -0.8715757724135882 9
-0.40079917207997545 -0.9161659367494549 0
-0.40079917207997545 -0.9161659367494549 1
-0.40079917207997545 -0.9161659367494549 2
-0.40079917207997545 -0.9161659367494549 3
-0.40079917207997545 -0.9161659367494549 4
-0.40079917207997545 -0.9161659367494549 5
-0.40079917207997545 -0.9161659367494549 6
-0.40079917207997545 -0.9161659367494549 7
-0.40079917207997545 -0.9161659367494549 8
-0.40079917207997545 -0.9161659367494549 9
-0.30733286997841935 -0.9516020738895161 0
-0.30733286997841935 -0.9516020738895161 1
-0.30733286997841935 -0.9516020738895161 2
-0.30733286997841935 -0.9516020738895161 3
-0.30733286997841935 -0.9516020738895161 4
-0.30733286997841935 -0.9516020738895161 5
-0.30733286997841935 -0.9516020738895161 6
-0.30733286997841935 -0.9516020738895161 7
-0.30733286997841935 -0.9516020738895161 8
-0.30733286997841935 -0.9516020738895161 9
-0.2107957994307797 -0.977530117665097 0
-0.2107957994307797 -0.977530117665097 1
-0.2107957994307797 -0.977530117665097 2
-0.2107957994307797 -0.977530117665097 3
-0.2107957994307797 -0.977530117665097 4
-0.2107957994307797 -0.977530117665097 5
-0.2107957994307797 -0.977530117665097 6
-0.2107957994307797 -0.977530117665097 7
-0.2107957994307797 -0.977530117665097 8
-0.2107957994307797 -0.977530117665097 9
-0.11215252693505398 -0.9936910036334645 0
-0.11215252693505398 -0.9936910036334645 1
-0.11215252693505398 -0.9936910036334645 2
-0.11215252693505398 -0.9936910036334645 3
-0.11215252693505398 -0.9936910036334645 4
-0.11215252693505398 -0.9936910036334645 5
-0.11215252693505398 -0.9936910036334645 6
-0.11215252693505398 -0.9936910036334645 7
-0.11215252693505398 -0.9936910036334645 8
-0.11215252693505398 -0.9936910036334645 9
-0.01238866346289056 -0.9999232575641008 0
-0.01238866346289056 -0.9999232575641008 1
-0.01238866346289056 -0.9999232575641008 2
-0.01238866346289056 -0.9999232575641008 3
-0.01238866346289056 -0.9999232575641008 4
-0.01238866346289056 -0.9999232575641008 5
-0.01238866346289056 -0.9999232575641008 6
-0.01238866346289056 -0.9999232575641008 7
-0.01238866346289056 -0.9999232575641008 8
-0.01238866346289056 -0.9999232575641008 9
0.08749898343944727 -0.9961646088358406 0
0.08749898343944727 -0.9961646088358406 1
0.08749898343944727 -0.9961646088358406 2
0.08749898343944727 -0.9961646088358406 3
0.08749898343944727 -0.9961646088358406 4
0.08749898343944727 -0.9961646088358406 5
0.08749898343944727 -0.9961646088358406 6
0.08749898343944727 -0.9961646088358406 7
0.08749898343944727 -0.9961646088358406 8
0.08749898343944727 -0.9961646088358406 9
0.18651236942257576 -0.9824526126243325 0
0.18651236942257576 -0.9824526126243325 1
0.18651236942257576 -0.9824526126243325 2
0.18651236942257576 -0.9824526126243325 3
0.18651236942257576 -0.9824526126243325 4
0.18651236942257576 -0.9824526126243325 5
0.18651236942257576 -0.9824526126243325 6
0.18651236942257576 -0.9824526126243325 7
0.18651236942257576 -0.9824526126243325 8
0.18651236942257576 -0.9824526126243325 9
0.28366218546322625 -0.9589242746631385 0
0.28366218546322625 -0.9589242746631385 1
0.28366218546322625 -0.9589242746631385 2
0.28366218546322625 -0.9589242746631385 3
0.28366218546322625 -0.9589242746631385 4
0.28366218546322625 -0.9589242746631385 5
0.28366218546322625 -0.9589242746631385 6
0.28366218546322625 -0.9589242746631385 7
0.28366218546322625 -0.9589242746631385 8
0.28366218546322625 -0.9589242746631385 9
0.37797774271298107 -0.9258146823277321 0
0.37797774271298107 -0.9258146823277321 1
0.37797774271298107 -0.9258146823277321 2
0.37797774271298107 -0.9258146823277321 3
0.37797774271298107 -0.9258146823277321 4
0.37797774271298107 -0.9258146823277321 5
0.37797774271298107 -0.9258146823277321 6
0.37797774271298107 -0.9258146823277321 7
0.37797774271298107 -0.9258146823277321 8
0.37797774271298107 -0.9258146823277321 9
0.4685166713003771 -0.8834546557201531 0
0.4685166713003771 -0.8834546557201531 1
0.4685166713003771 -0.8834546557201531 2
0.4685166713003771 -0.8834546557201531 3
0.4685166713003771 -0.8834546557201531 4
0.4685166713003771 -0.8834546557201531 5
0.4685166713003771 -0.8834546557201531 6
0.4685166713003771 -0.8834546557201531 7
0.4685166713003771 -0.8834546557201531 8
0.4685166713003771 -0.8834546557201531 9
0.5543743361791615 -0.8322674422239008 0
0.5543743361791615 -0.8322674422239008 1
0.5543743361791615 -0.8322674422239008 2
0.5543743361791615 -0.8322674422239008 3
0.5543743361791615 -0.8322674422239008 4
0.5543743361791615 -0.8322674422239008 5
0.5543743361791615 -0.8322674422239008 6
0.5543743361791615 -0.8322674422239008 7
0.5543743361791615 -0.8322674422239008 8
0.5543743361791615 -0.8322674422239008 9
0.6346928759426347 -0.7727644875559871 0
0.6346928759426347 -0.7727644875559871 1
0.6346928759426347 -0.7727644875559871 2
0.6346928759426347 -0.7727644875559871 3
0.6346928759426347 -0.7727644875559871 4
0.6346928759426347 -0.7727644875559871 5
0.6346928759426347 -0.7727644875559871 6
0.6346928759426347 -0.7727644875559871 7
0.6346928759426347 -0.7727644875559871 8
0.6346928759426347 -0.7727644875559871 9
0.70866977429126 -0.7055403255703919 0
0.70866977429126 -0.7055403255703919 1
0.70866977429126 -0.7055403255703919 2
0.70866977429126 -0.7055403255703919 3
0.70866977429126 -0.7055403255703919 4
0.70866977429126 -0.7055403255703919 5
0.70866977429126 -0.7055403255703919 6
0.70866977429126 -0.7055403255703919 7
0.70866977429126 -0.7055403255703919 8
0.70866977429126 -0.7055403255703919 9
0.7755658785102502 -0.6312666378723208 0
0.7755658785102502 -0.6312666378723208 1
0.7755658785102502 -0.6312666378723208 2
0.7755658785102502 -0.6312666378723208 3
0.7755658785102502 -0.6312666378723208 4
0.7755658785102502 -0.6312666378723208 5
0.7755658785102502 -0.6312666378723208 6
0.7755658785102502 -0.6312666378723208 7
0.7755658785102502 -0.6312666378723208 8
0.7755658785102502 -0.6312666378723208 9
0.8347127848391598 -0.5506855425976376 0
0.8347127848391598 -0.5506855425976376 1
0.8347127848391598 -0.5506855425976376 2
0.8347127848391598 -0.5506855425976376 3
0.8347127848391598 -0.5506855425976376 4
0.8347127848391598 -0.5506855425976376 5
0.8347127848391598 -0.5506855425976376 6
0.8347127848391598 -0.5506855425976376 7
0.8347127848391598 -0.5506855425976376 8
0.8347127848391598 -0.5506855425976376 9
0.8855195169413194 -0.4646021794137566 0
0.8855195169413194 -0.4646021794137566 1
0.8855195169413194 -0.4646021794137566 2
0.8855195169413194 -0.4646021794137566 3
0.8855195169413194 -0.4646021794137566 4
0.8855195169413194 -0.4646021794137566 5
0.8855195169413194 -0.4646021794137566 6
0.8855195169413194 -0.4646021794137566 7
0.8855195169413194 -0.4646021794137566 8
0.8855195169413194 -0.4646021794137566 9
0.9274784307440359 -0.373876664830236 0
0.9274784307440359 -0.373876664830236 1
0.9274784307440359 -0.373876664830236 2
0.9274784307440359 -0.373876664830236 3
0.9274784307440359 -0.373876664830236 4
0.9274784307440359 -0.373876664830236 5
0.9274784307440359 -0.373876664830236 6
0.9274784307440359 -0.373876664830236 7
0.9274784307440359 -0.373876664830236 8
0.9274784307440359 -0.373876664830236 9
0.960170286650366 -0.27941549819892586 0
0.960170286650366 -0.27941549819892586 1
0.960170286650366 -0.27941549819892586 2
0.960170286650366 -0.27941549819892586 3
0.960170286650366 -0.27941549819892586 4
0.960170286650366 -0.27941549819892586 5
0.960170286650366 -0.27941549819892586 6
0.960170286650366 -0.27941549819892586 7
0.960170286650366 -0.27941549819892586 8
0.960170286650366 -0.27941549819892586 9
0.9832684384425847 -0.18216250427209502 0
0.9832684384425847 -0.18216250427209502 1
0.9832684384425847 -0.18216250427209502 2
0.9832684384425847 -0.18216250427209502 3
0.9832684384425847 -0.18216250427209502 4
0.9832684384425847 -0.18216250427209502 5
0.9832684384425847 -0.18216250427209502 6
0.9832684384425847 -0.18216250427209502 7
0.9832684384425847 -0.18216250427209502 8
0.9832684384425847 -0.18216250427209502 9
0.9965420970232175 -0.0830894028174964 0
0.9965420970232175 -0.0830894028174964 1
0.9965420970232175 -0.0830894028174964 2
0.9965420970232175 -0.0830894028174964 3
0.9965420970232175 -0.0830894028174964 4
0.9965420970232175 -0.0830894028174964 5
0.9965420970232175 -0.0830894028174964 6
0.9965420970232175 -0.0830894028174964 7
0.9965420970232175 -0.0830894028174964 8
0.9965420970232175 -0.0830894028174964 9
1.0 0.0 0
1.0 0.0 9
0.8253356149096783 0.5646424733950354 0
0.8253356149096783 0.5646424733950354 9
0.3623577544766736 0.9320390859672263 0
0.3623577544766736 0.9320390859672263 9
-0.2272020946930869 0.9738476308781953 0
-0.2272020946930869 0.9738476308781953 9
-0.7373937155412454 0.675463180551151 0
-0.7373937155412454 0.675463180551151 9
-0.9899924966004454 0.1411200080598672 0
-0.9899924966004454 0.1411200080598672 9
-0.8967584163341472 -0.4425204432948521 0
-0.8967584163341472 -0.4425204432948521 9
-0.4902608213406994 -0.8715757724135882 0
-0.4902608213406994 -0.8715757724135882 9
0.0874989834394464 -0.9961646088358407 0
0.0874989834394464 -0.9961646088358407 9
0.6346928759426339 -0.7727644875559877 0
0.6346928759426339 -0.7727644875559877 9
0.960170286650366 -0.27941549819892586 0
0.960170286650366 -0.27941549819892586 9
0.9 0.0 0
0.9 0.0 9
0.7428020534187105 0.5081782260555319 0
0.7428020534187105 0.5081782260555319 9
0.32612197902900625 0.8388351773705037 0
0.32612197902900625 0.8388351773705037 9
-0.2044818852237782 0.8764628677903757 0
-0.2044818852237782 0.8764628677903757 9
-0.6636543439871209 0.6079168624960358 0
-0.6636543439871209 0.6079168624960358 9
-0.8909932469404009 0.1270080072538805 0
-0.8909932469404009 0.1270080072538805 9
-0.8070825747007325 -0.39826839896536687 0
-0.8070825747007325 -0.39826839896536687 9
-0.4412347392066295 -0.7844181951722294 0
-0.4412347392066295 -0.7844181951722294 9
0.07874908509550176 -0.8965481479522567 0
0.07874908509550176 -0.8965481479522567 9
0.5712235883483705 -0.6954880388003889 0
0.5712235883483705 -0.6954880388003889 9
0.8641532579853294 -0.2514739483790333 0
0.8641532579853294 -0.2514739483790333 9
0.8 0.0 0
0.8 0.0 9
0.6602684919277427 0.4517139787160283 0
0.6602684919277427 0.4517139787160283 9
0.28988620358133893 0.745631268773781 0
0.28988620358133893 0.745631268773781 9
-0.18176167575446953 0.7790781047025562 0
-0.18176167575446953 0.7790781047025562 9
-0.5899149724329964 0.5403705444409208 0
-0.5899149724329964 0.5403705444409208 9
-0.7919939972803564 0.11289600644789377 0
-0.7919939972803564 0.11289600644789377 9
-0.7174067330673178 -0.35401635463588166 0
-0.7174067330673178 -0.35401635463588166 9
-0.3922086570725596 -0.6972606179308706 0
-0.3922086570725596 -0.6972606179308706 9
0.06999918675155713 -0.7969316870686726 0
0.06999918675155713 -0.7969316870686726 9
0.5077543007541071 -0.6182115900447902 0
0.5077543007541071 -0.6182115900447902 9
0.7681362293202928 -0.2235323985591407 0
0.7681362293202928 -0.2235323985591407 9
0.7000000000000001 0.0 0
0.7000000000000001 0.0 9
0.5777349304367749 0.3952497313765248 0
0.5777349304367749 0.3952497313765248 9
0.25365042813367156 0.6524273601770585 0
0.25365042813367156 0.6524273601770585 9
-0.15904146628516083 0.6816933416147367 0
-0.15904146628516083 0.6816933416147367 9
-0.5161756008788718 0.47282422638580573 0
-0.5161756008788718 0.47282422638580573 9
-0.6929947476203119 0.09878400564190706 0
-0.6929947476203119 0.09878400564190706 9
-0.6277308914339031 -0.3097643103063965 0
-0.6277308914339031 -0.3097643103063965 9
-0.34318257493848964 -0.6101030406895118 0
-0.34318257493848964 -0.6101030406895118 9
0.061249288407612484 -0.6973152261850886 0
0.061249288407612484 -0.6973152261850886 9
0.44428501315984376 -0.5409351412891914 0
0.44428501315984376 -0.5409351412891914 9
0.6721192006552562 -0.19559084873924812 0
0.6721192006552562 -0.19559084873924812 9
0.6000000000000001 0.0 0
0.6000000000000001 0.0 9
0.4952013689458071 0.3387854840370213 0
0.4952013689458071 0.3387854840370213 9
0.2174146526860042 0.5592234515803358 0
0.2174146526860042 0.5592234515803358 9
-0.13632125681585217 0.5843085785269172 0
-0.13632125681585217 0.5843085785269172 9
-0.44243622932474735 0.4052779083306906 0
-0.44243622932474735 0.4052779083306906 9
-0.5939954979602673 0.08467200483592034 0
-0.5939954979602673 0.08467200483592034 9
-0.5380550498004885 -0.2655122659769113 0
-0.5380550498004885 -0.2655122659769113 9
-0.2941564928044197 -0.522945463448153 0
-0.2941564928044197 -0.522945463448153 9
0.05249939006366785 -0.5976987653015045 0
0.05249939006366785 -0.5976987653015045 9
0.3808157255655804 -0.4636586925335927 0
0.3808157255655804 -0.4636586925335927 9
0.5761021719902196 -0.16764929891935554 0
0.5761021719902196 -0.16764929891935554 9
0.5000000000000001 0.0 0
0.5000000000000001 0.0 9
0.4126678074548393 0.28232123669751774 0
0.4126678074548393 0.28232123669751774 9
0.18117887723833684 0.46601954298361326 0
0.18117887723833684 0.46601954298361326 9
-0.11360104734654347 0.48692381543909774 0
-0.11360104734654347 0.48692381543909774 9
-0.3686968577706228 0.33773159027557553 0
-0.3686968577706228 0.33773159027557553 9
-0.4949962483002228 0.07056000402993362 0
-0.4949962483002228 0.07056000402993362 9
-0.4483792081670737 -0.2212602216474261 0
-0.4483792081670737 -0.2212602216474261 9
-0.24513041067034977 -0.4357878862067942 0
-0.24513041067034977 -0.4357878862067942 9
0.043749491719723206 -0.49808230441792045 0
0.043749491719723206 -0.49808230441792045 9
0.317346437971317 -0.38638224377799396 0
0.317346437971317 -0.38638224377799396 9
0.4800851433251831 -0.13970774909946296 0
0.4800851433251831 -0.13970774909946296 9
0.40000000000000013 0.0 0
0.40000000000000013 0.0 9
0.3301342459638714 0.22585698935801424 0
0.3301342459638714 0.22585698935801424 9
0.1449431017906695 0.37281563438689064 0
0.1449431017906695 0.37281563438689064 9
-0.09088083787723479 0.3895390523512782 0
-0.09088083787723479 0.3895390523512782 9
-0.29495748621649825 0.27018527222046046 0
-0.29495748621649825 0.27018527222046046 9
-0.3959969986401783 0.056448003223946906 0
-0.3959969986401783 0.056448003223946906 9
-0.35870336653365903 -0.17700817731794088 0
-0.35870336653365903 -0.17700817731794088 9
-0.19610432853627985 -0.3486303089654354 0
-0.19610432853627985 -0.3486303089654354 9
0.03499959337577857 -0.3984658435343364 0
0.03499959337577857 -0.3984658435343364 9
0.25387715037705366 -0.30910579502239516 0
0.25387715037705366 -0.30910579502239516 9
0.3840681146601465 -0.11176619927957038 0
0.3840681146601465 -0.11176619927957038 9
0.30000000000000016 0.0 0
0.30000000000000016 0.0 9
0.24760068447290362 0.1693927420185107 0
0.24760068447290362 0.1693927420185107 9
0.10870732634300215 0.279611725790168 0
0.10870732634300215 0.279611725790168 9
-0.0681606284079261 0.2921542892634587 0
-0.0681606284079261 0.2921542892634587 9
-0.22121811466237376 0.2026389541653454 0
-0.22121811466237376 0.2026389541653454 9
-0.29699774898013376 0.042336002417960185 0
-0.29699774898013376 0.042336002417960185 9
-0.2690275249002443 -0.13275613298845568 0
-0.2690275249002443 -0.13275613298845568 9
-0.1470782464022099 -0.2614727317240766 0
-0.1470782464022099 -0.2614727317240766 9
0.026249695031833935 -0.29884938265075234 0
0.026249695031833935 -0.29884938265075234 9
0.19040786278279026 -0.23182934626679644 0
0.19040786278279026 -0.23182934626679644 9
0.2880510859951099 -0.0838246494596778 0
0.2880510859951099 -0.0838246494596778 9
0.20000000000000018 0.0 0
0.20000000000000018 0.0 9
0.16506712298193582 0.11292849467900717 0
0.16506712298193582 0.11292849467900717 9
0.07247155089533479 0.18640781719344543 0
0.07247155089533479 0.18640781719344543 9
-0.045440418938617416 0.19476952617563922 0
-0.045440418938617416 0.19476952617563922 9
-0.1474787431082492 0.1350926361102303 0
-0.1474787431082492 0.1350926361102303 9
-0.19799849932008926 0.028224001611973467 0
-0.19799849932008926 0.028224001611973467 9
-0.1793516832668296 -0.0885040886589705 0
-0.1793516832668296 -0.0885040886589705 9
-0.09805216426813997 -0.17431515448271778 0
-0.09805216426813997 -0.17431515448271778 9
0.017499796687889296 -0.1992329217671683 0
0.017499796687889296 -0.1992329217671683 9
0.1269385751885269 -0.1545528975111977 0
0.1269385751885269 -0.1545528975111977 9
0.19203405733007337 -0.05588309963978522 0
0.19203405733007337 -0.05588309963978522 9
0.1000000000000002 0.0 0
0.1000000000000002 0.0 9
0.082533561490968 0.05646424733950365 0
0.082533561490968 0.05646424733950365 9
0.036235775447667436 0.09320390859672281 0
0.036235775447667436 0.09320390859672281 9
-0.022720209469308732 0.09738476308781972 0
-0.022720209469308732 0.09738476308781972 9
-0.07373937155412469 0.06754631805511523 0
-0.07373937155412469 0.06754631805511523 9
-0.09899924966004474 0.014112000805986749 0
-0.09899924966004474 0.014112000805986749 9
-0.0896758416334149 -0.0442520443294853 0
-0.0896758416334149 -0.0442520443294853 9
-0.04902608213407004 -0.08715757724135899 0
-0.04902608213407004 -0.08715757724135899 9
0.008749898343944656 -0.09961646088358427 0
0.008749898343944656 -0.09961646088358427 9
0.06346928759426351 -0.07727644875559893 0
0.06346928759426351 -0.07727644875559893 9
0.0960170286650368 -0.027941549819892643 0
0.0960170286650368 -0.027941549819892643 9
