1.0 0.0 1.0
0.9800665778412416 0.0 0.9605304970014426
0.9210609940028851 0.0 0.8483533546735827
0.8253356149096782 0.0 0.6811788772383367
0.6967067093471654 0.0 0.48540023884935557
0.5403023058681398 0.0 0.2919265817264289
0.3623577544766734 0.0 0.1313031422293771
0.16996714290024081 0.0 0.02888882966567088
-0.029199522301288815 -0.0 0.0008526121026234629
-0.2272020946930871 -0.0 0.05162079183292652
-0.4161468365471424 -0.0 0.17317818956819406
-0.5885011172553458 -0.0 0.34633356501079027
-0.7373937155412458 -0.0 0.5437494917197236
-0.8568887533689473 -0.0 0.7342583356501886
-0.9422223406686583 -0.0 0.8877829392551252
-0.9899924966004454 -0.0 0.9800851433251829
0.9210609940028851 0.3894183423086505 1.0
0.90270109637546 0.3816559020950483 0.9605304970014426
0.8483533546735827 0.3586780454497614 0.8483533546735827
0.7601844418546906 0.32140082700641764 0.6811788772383367
0.6417093742397794 0.2713103718292879 0.48540023884935557
0.4976513789049597 0.21040362829671244 0.2919265817264289
0.3337535935229382 0.14110875607099113 0.1313031422293771
0.15655010558752622 0.0661883230351493 0.02888882966567088
-0.026894541035234486 -0.011370829570772362 0.0008526121026234629
-0.20926698717755243 -0.08847666308443503 0.05162079183292652
-0.38329661892126715 -0.16205521124517713 0.17317818956819406
-0.5420454240310173 -0.22917312952836555 0.34633356501079027
-0.6791845886079005 -0.2871546383348885 0.5437494917197236
-0.7892468069278957 -0.33368819787986154 0.7342583356501886
-0.8678442456679994 -0.3669186619893655 0.8877829392551252
-0.9118434729742041 -0.3855212369241478 0.9800851433251829
0.6967067093471654 0.7173560908995228 1.0
0.682818960388909 0.703056729101466 0.9605304970014426
0.6417093742397794 0.6607287141379384 0.8483533546735827
0.5750168603707412 0.5920595303917606 0.6811788772383367
0.48540023884935557 0.49978680152075255 0.48540023884935557
0.3764322415740773 0.387589150041567 0.2919265817264289
0.2524570787278712 0.2599395422585155 0.1313031422293771
0.1184172488271662 0.12192696521227733 0.02888882966567088
-0.0203435030970401 -0.02094645517418598 0.0008526121026234629
-0.15829322375040378 -0.16298480649321617 0.05162079183292652
-0.2899322930959923 -0.29852546790566076 0.17317818956819406
-0.41001267685010234 -0.42216486096429656 0.34633356501079027
-0.5137471490480211 -0.5289738732345427 0.5437494917197236
-0.5970001436362741 -0.6146943664525133 0.7342583356501886
-0.6564526264406447 -0.6759089350602672 0.8877829392551252
-0.6897344145848812 -0.7101771473811547 0.9800851433251829
0.3623577544766734 0.9320390859672264 1.0
0.35513472438419014 0.9134603573981784 0.9605304970014426
0.3337535935229382 0.8584648469705141 0.8483533546735827
0.29906676010829547 0.7692450521366152 0.6811788772383367
0.2524570787278712 0.6493578845671661 0.48540023884935557
0.19578273029294788 0.5035828673073258 0.2919265817264289
0.1313031422293771 0.3377315902755753 0.1313031422293771
0.061588912236147125 0.1584160205132014 0.02888882966567088
-0.010580673332886563 -0.02721509607637287 0.0008526121026234629
-0.08232844084538356 -0.21176123266758412 0.05162079183292652
-0.15079403322379376 -0.3878651171635514 0.17317818956819406
-0.21324794335566058 -0.5485060434173641 0.34633356501079027
-0.2672003309287367 -0.6872797646310397 0.5437494917197236
-0.3105002845070878 -0.7986538104655897 0.7342583356501886
-0.3414215715824502 -0.8781880491747169 0.8877829392551252
-0.3587314580168931 -0.9227117016458917 0.9800851433251829
-0.029199522301288815 0.9995736030415051 1.0
-0.028617475896423144 0.9796486804333276 0.9605304970014426
-0.026894541035234486 0.920668256396454 0.8483533546735827
-0.024099405693603068 0.8249836943137432 0.6811788772383367
-0.0203435030970401 0.6964096357253368 0.48540023884935557
-0.015776569229634517 0.5400719226082498 0.2919265817264289
-0.010580673332886563 0.3622032462322775 0.1313031422293771
-0.004962959379601925 0.1698946694274641 0.02888882966567088
0.0008526121026234629 -0.029187071713790043 0.0008526121026234629
0.00663419263089033 -0.2271052164109463 0.05162079183292652
0.012151288834369077 -0.41596939280175144 0.17317818956819406
0.017183951497630853 -0.5882501821688773 0.34633356501079027
0.021531544241776827 -0.7370792931037258 0.5437494917197236
0.02502074226372015 -0.8565233786107423 0.7342583356501886
0.027512442249127037 -0.9418205799283712 0.8877829392551252
0.0289073079825933 -0.9895703668109622 0.9800851433251829
-0.4161468365471424 0.9092974268256817 1.0
-0.4078516059742164 0.8911720173488927 0.9605304970014426
-0.38329661892126715 0.837518391796328 0.8483533546735827
-0.34346080523435313 0.7504755509049621 0.6811788772383367
-0.2899322930959923 0.6335136180615656 0.48540023884935557
-0.2248450953661529 0.49129549643388193 0.2919265817264289
-0.15079403322379376 0.32949097373597125 0.1313031422293771
-0.07073128883489131 0.1545506856841019 0.02888882966567088
0.012151288834369077 -0.02655105049310103 0.0008526121026234629
0.09454943296341249 -0.206594280073829 0.05162079183292652
0.17317818956819406 -0.37840124765396416 0.17317818956819406
0.24490287825027107 -0.5351225516043248 0.34633356501079027
0.3068640620122328 -0.6705102080990835 0.5437494917197236
0.35659154398731197 -0.77916673851425 0.7342583356501886
0.39210284639330606 -0.8567603498676819 0.8877829392551252
0.411982245665683 -0.9001976297355174 0.9800851433251829
-0.7373937155412458 0.6754631805511506 1.0
-0.7226949353121468 0.661998887820527 0.9605304970014426
-0.6791845886079005 0.6221427884907931 0.8483533546735827
-0.6085972956467665 0.5574838194690309 0.6811788772383367
-0.5137471490480211 0.4705997298069624 0.48540023884935557
-0.39841552483961024 0.3649543139808143 0.2919265817264289
-0.2672003309287367 0.24475932133618675 0.1313031422293771
-0.12533270302313845 0.11480654693258859 0.02888882966567088
0.021531544241776827 -0.019723202204202796 0.0008526121026234629
0.16753739678448945 -0.15346664950927633 0.05162079183292652
0.3068640620122328 -0.2810918657904326 0.17317818956819406
0.4339570254530938 -0.39751083641920154 0.34633356501079027
0.5437494917197236 -0.4980823044179203 0.5437494917197236
0.6318643816522342 -0.5787968027290996 0.7342583356501886
0.6947888326516314 -0.6364364990144017 0.8877829392551252
0.7300142454261566 -0.668703480475511 0.9800851433251829
-0.9422223406686583 0.33498815015590466 1.0
-0.9234406249846965 0.3283106899406655 0.9605304970014426
-0.8678442456679994 0.3085445185617853 0.8483533546735827
-0.7776496549174033 0.2764776508963792 0.6811788772383367
-0.6564526264406447 0.23338849176541446 0.48540023884935557
-0.509084903303752 0.18099486996773792 0.2919265817264289
-0.3414215715824502 0.1213855538667883 0.1313031422293771
-0.16014683922022924 0.05693697878743598 0.02888882966567088
0.027512442249127037 -0.009781493961144824 0.0008526121026234629
0.21407488946654268 -0.07611000941278394 0.05162079183292652
0.39210284639330606 -0.13940425896815886 0.17317818956819406
0.5544989001864524 -0.19714090063405143 0.34633356501079027
0.6947888326516314 -0.24701815670575128 0.5437494917197236
0.8073797268919382 -0.2870475783804629 0.7342583356501886
0.8877829392551252 -0.3156333189361605 0.8877829392551252
0.9327930473912804 -0.33163575510440896 0.9800851433251829
-0.9982947757947531 -0.058374143427580086 1.0
-0.9783953445899533 -0.05721054698348222 0.9605304970014426
-0.9194903785014026 -0.0537661465694739 0.8483533546735827
-0.8239282326416819 -0.04817825956062756 0.6811788772383367
-0.6955186682024287 -0.040669657378388784 0.48540023884935557
-0.5393809692980227 -0.031539684296999035 0.2919265817264289
-0.36173985326278085 -0.021152323531917185 0.1313031422293771
-0.16967731081407067 -0.009921686377634657 0.02888882966567088
0.029149730569079012 0.0017044971028322567 0.0008526121026234629
0.22681466418173366 0.013262727662660899 0.05162079183292652
0.4154372128885253 0.024292215123536617 0.17317818956819406
0.5874975909053872 0.03435324862595468 0.34633356501079027
0.7361362939287079 0.04304472651360087 0.5437494917197236
0.8554275659254987 0.05002014699063923 0.7342583356501886
0.9406156403266257 0.055001422054862484 0.8877829392551252
0.9883043374322296 0.05778996398878249 0.9800851433251829
-0.896758416334147 -0.44252044329485246 1.0
-0.8788829522469388 -0.4336994964847753 0.9605304970014426
-0.8259691983291825 -0.40758831936775414 0.8483533546735827
-0.7401266589705724 -0.3652278821768605 0.6811788772383367
-0.6247776053235389 -0.30830696186680556 0.48540023884935557
-0.4845206401520009 -0.23909481590600018 0.2919265817264289
-0.3249473660508993 -0.1603507141423448 0.1313031422293771
-0.15241946589605962 -0.0752139354217741 0.02888882966567088
0.026184917376617364 0.012921385552764257 0.0008526121026234629
0.2037453906247737 0.10054157166110396 0.05162079183292652
0.37318317810448054 0.18415348258459197 0.17317818956819406
0.5277433299207801 0.26042377528735156 0.34633356501079027
0.6612640205635201 0.32631179388415044 0.5437494917197236
0.7684222014456786 0.3791907909952001 0.7342583356501886
0.8449458140526791 0.41695264787500813 0.8877829392551252
0.8877841034341039 0.4380919184542068 0.9800851433251829
-0.6536436208636119 -0.7568024953079282 1.0
-0.6406142666275582 -0.7417168316781535 0.9605304970014426
-0.6020456431562834 -0.6970612585921842 0.8483533546735827
-0.5394753597572577 -0.6246160528301478 0.6811788772383367
-0.45539789617765325 -0.5272693761317102 0.48540023884935557
-0.35316515556860967 -0.4089021333016356 0.2919265817264289
-0.23685283468414048 -0.274233252782124 0.1313031422293771
-0.11109793871315636 -0.12863155786726146 0.02888882966567088
0.019086081484502207 0.022098271339414874 0.0008526121026234629
0.1485091998429867 0.1719471122029165 0.05162079183292652
0.27201172505161186 0.3149409643133779 0.17317818956819406
0.3846700011650653 0.44537911403034935 0.34633356501079027
0.48199269822845214 0.5580614039459993 0.5437494917197236
0.5600998674293853 0.6484955467509192 0.7342583356501886
0.6158776224132495 0.7130762185529174 0.8877829392551252
0.6471022801057221 0.7492287917633427 0.9800851433251829
-0.30733286997841935 -0.9516020738895161 1.0
-0.3012066741378767 -0.9326333880235265 0.9605304970014426
-0.2830723187120824 -0.8764835520718847 0.8483533546735827
-0.25365276322559493 -0.7853910828029288 0.6811788772383367
-0.21412087251688477 -0.6629875495075029 0.48540023884935557
-0.16605265831841318 -0.5141527947914095 0.2919265817264289
-0.11136444864225147 -0.3448203906499505 0.1313031422293771
-0.05223648982956313 -0.1617410856769449 0.02888882966567088
0.008973972990853951 0.027786325978489613 0.0008526121026234629
0.06982667182713506 0.21620598450198392 0.05162079183292652
0.12789560160847344 0.3960061927008222 0.17317818956819406
0.18086573735159173 0.5600188836664843 0.34633356501079027
0.22662532690134124 0.7017053889821454 0.5437494917197236
0.26335007982510855 0.8154171147984923 0.7342583356501886
0.2895758961154827 0.8966207334453294 0.8877829392551252
0.30425723523731546 0.9420789129000436 0.9800851433251829
0.08749898343944727 -0.9961646088358406 1.0
0.08575482926408656 -0.9763076391483013 0.9605304970014426
0.0805919006609793 -0.9175283648048346 0.8483533546735827
0.07221602730096796 -0.8221701299847876 0.6811788772383367
0.06096112882331943 -0.6940345665901246 0.48540023884935557
0.04727590251345153 -0.5382300351782381 0.2919265817264289
0.031705935158109745 -0.3609679707468889 0.1313031422293771
0.01487195222187834 -0.1693152524221638 0.02888882966567088
-0.0025549285182802414 0.029087530711456776 0.0008526121026234629
-0.01987995232095816 0.22633068578662272 0.05162079183292652
-0.036412425159416784 0.4145507506472566 0.17317818956819406
-0.05149324951282172 0.5862439852701267 0.34633356501079027
-0.06452120050449596 0.7345655222001521 0.5437494917197236
-0.07497689484047813 0.8536022498156085 0.7342583356501886
-0.08244349698244417 0.9386085494285841 0.8877829392551252
-0.08662333706521944 0.9861954881263999 0.9800851433251829
0.4685166713003771 -0.8834546557201531 1.0
0.45917753070293044 -0.8658443811095627 0.9605304970014426
0.43153243097484834 -0.8137156233540809 0.8483533546735827
0.3866834950031323 -0.7291465915236106 0.6811788772383367
0.32641870833597325 -0.6155087860442208 0.48540023884935557
0.25314063784125906 -0.4773325876155423 0.2919265817264289
0.16977064894729035 -0.32012664522871725 0.1313031422293771
0.07963244002205636 -0.1501582637146703 0.02888882966567088
-0.013680462992160964 0.025796453921878043 0.0008526121026234629
-0.10644796911807825 0.2007227483459789 0.05162079183292652
-0.19497173063124928 0.3676468602107865 0.17317818956819406
-0.27572258451302756 0.519914051935747 0.34633356501079027
-0.3454812490432016 0.6514539110936958 0.5437494917197236
-0.401466666403149 0.7570223585980346 0.7342583356501886
-0.4414468746749297 0.8324107135872664 0.8877829392551252
-0.4638279891195906 0.8746134802496813 0.9800851433251829
0.7755658785102502 -0.6312666378723208 1.0
0.7601061964419771 -0.6186833334848718 0.9605304970014426
0.7143434789753719 -0.5814350769595391 0.8483533546735827
0.6401021412432221 -0.5210068387403171 0.6811788772383367
0.5403419510988199 -0.43980770199267333 0.48540023884935557
0.4190400325117377 -0.3410748200600429 0.2919265817264289
0.28103231018570274 -0.22874436137545354 0.1313031422293771
0.1318207165013025 -0.10729458684739933 0.02888882966567088
-0.022646153165678702 0.018432684270612443 0.0008526121026234629
-0.17621019217001316 0.14342510243445378 0.05162079183292652
-0.322749286875946 0.26269961436831685 0.17317818956819406
-0.45642138600840604 0.3715011216738866 0.34633356501079027
-0.5718974048016838 0.46549205159790075 0.5437494917197236
-0.6645736787921407 0.5409252823698197 0.7342583356501886
-0.7307554973926722 0.5947935291220925 0.8877829392551252
-0.7678044003444803 0.6249492348477882 0.9800851433251829
0.960170286650366 -0.27941549819892586 1.0
0.9410308069822682 -0.2738457911156269 0.9605304970014426
0.8843753986342212 -0.257358716510914 0.8483533546735827
0.7924627339505818 -0.23061156202130456 0.6811788772383367
0.668957080825101 -0.19467065229077246 0.48540023884935557
0.5187822199032655 -0.1509688379721747 0.2919265817264289
0.3479251489858504 -0.10124837249334376 0.1313031422293771
0.16319740031966792 -0.04749145391091881 0.02888882966567088
-0.028036513698082237 0.00815879907098526 0.0008526121026234629
-0.21815270038902504 0.06348378648050847 0.05162079183292652
-0.39957182733611274 0.11627787565772676 0.17317818956819406
-0.565061286449126 0.16443633286852694 0.34633356501079027
-0.7080235352254164 0.2060392323967142 0.5437494917197236
-0.8227591199497369 0.23942799792364092 0.7342583356501886
-0.9046938949282044 0.2632715247320912 0.8877829392551252
-0.9505613792425611 0.2766192466508119 0.9800851433251829
