0.0 0.0 1.0
0.29552020666133955 0.0 0.955336489125606
0.5646424733950354 0.0 0.8253356149096783
0.7833269096274833 0.0 0.6216099682706645
0.9320390859672263 0.0 0.3623577544766736
0.9974949866040544 0.0 0.0707372016677029
0.9738476308781953 0.0 -0.2272020946930869
0.8632093666488737 0.0 -0.5048461045998576
0.675463180551151 0.0 -0.7373937155412454
0.42737988023383017 0.0 -0.904072142017061
0.1411200080598672 0.0 -0.9899924966004454
-0.1577456941432482 -0.0 -0.9874797699088649
-0.4425204432948521 -0.0 -0.8967584163341472
-0.6877661591839738 -0.0 -0.7259323042001402
-0.8715757724135882 -0.0 -0.4902608213406994
-0.977530117665097 -0.0 -0.2107957994307797
-0.9961646088358407 -0.0 0.0874989834394464
-0.9258146823277325 -0.0 0.37797774271298024
-0.7727644875559877 -0.0 0.6346928759426339
-0.5506855425976376 -0.0 0.8347127848391598
-0.27941549819892586 -0.0 0.960170286650366
0.0 0.0 1.0
0.28232123669751763 0.08733219254516084 0.955336489125606
0.5394235581444115 0.16686326042747077 0.8253356149096783
0.7483407796811308 0.23148893021650233 0.6216099682706645
0.8904109481157688 0.27543638330148074 0.3623577544766736
0.9529433584227107 0.2947799245848803 0.0707372016677029
0.9303521766264641 0.2877916531337802 -0.2272020946930869
0.824655405714673 0.2550958104240792 -0.5048461045998576
0.6452946234413518 0.19961301870860185 -0.7373937155412454
0.40829159430550926 0.12629939052960004 -0.904072142017061
0.13481709304529077 0.04170381394590186 -0.9899924966004454
-0.15070021761749242 -0.04661704013314917 -0.9874797699088649
-0.4227559266636108 -0.13077373285436228 -0.8967584163341472
-0.6570481078542202 -0.20324879749672367 -0.7259323042001402
-0.8326481384245356 -0.25756825238468023 -0.4902608213406994
-0.9338701906247143 -0.28887990239007305 -0.2107957994307797
-0.9516723999964146 -0.2943867710718801 0.0874989834394464
-0.8844645481959141 -0.2735969462515939 0.37797774271298024
-0.7382501124626853 -0.22836752106308963 0.6346928759426339
-0.5260899928774564 -0.16273870535386575 0.8347127848391598
-0.26693582105664393 -0.08257292577212771 0.960170286650366
0.0 0.0 1.0
0.24390335148307188 0.16686326042747077 0.955336489125606
0.4660195429836132 0.31882112276166324 0.8253356149096783
0.646507596632697 0.44229964372895153 0.6216099682706645
0.7692450521366152 0.5262688548013826 0.3623577544766736
0.8232681381381787 0.563228036435261 0.0707372016677029
0.8037511332591887 0.5498757350089596 -0.2272020946930869
0.7124374334189422 0.487404671842382 -0.5048461045998576
0.5574838194690312 0.38139520095367924 -0.7373937155412454
0.3527318362528129 0.24131683265450385 -0.904072142017061
0.11647136862814927 0.07968235039645075 -0.9899924966004454
-0.1301931394750718 -0.08906991890846042 -0.9874797699088649
-0.3652278821768602 -0.24986583762987277 -0.8967584163341472
-0.5676379059041727 -0.38834198523904256 -0.7259323042001402
-0.7193425260653467 -0.49212869988679686 -0.4902608213406994
-0.806790420755853 -0.5519550234565603 -0.2107957994307797
-0.8221701299847878 -0.562476848641667 0.0874989834394464
-0.7641078301313675 -0.5227542921349698 0.37797774271298024
-0.6377900535173836 -0.43633565160545995 0.6346928759426339
-0.4545003909216911 -0.3109404468352172 0.8347127848391598
-0.2306115620213046 -0.15776985800794754 0.960170286650366
0.0 0.0 1.0
0.1836983062860955 0.23148893021650233 0.955336489125606
0.3509873899713575 0.44229964372895153 0.8253356149096783
0.4869238154390976 0.6136010473465434 0.6216099682706645
0.5793647866551067 0.7300912968627316 0.3623577544766736
0.6200528269730932 0.7813646652254618 0.0707372016677029
0.6053533949306568 0.7628410551438628 -0.2272020946930869
0.5365795470135468 0.6761751255385594 -0.5048461045998576
0.41987464623040305 0.5291084857882838 -0.7373937155412454
0.2656635937916716 0.33477816082053014 -0.904072142017061
0.08772160373244997 0.11054309980014132 -0.9899924966004454
-0.09805629593121847 -0.12356644710027281 -0.9874797699088649
-0.2750751187156334 -0.34663817129314045 -0.8967584163341472
-0.4275223003879867 -0.5387457400199459 -0.7259323042001402
-0.5417801882354905 -0.6827287563109228 -0.4902608213406994
-0.6076424654254199 -0.7657256461383906 -0.2107957994307797
-0.6192258508908058 -0.7803225445196498 0.0874989834394464
-0.5754956353062571 -0.7252155539955328 0.37797774271298024
-0.4803581085903738 -0.6053272179070976 0.6346928759426339
-0.34231162266123116 -0.43136680425954127 0.8347127848391598
-0.17368745896976623 -0.2188736787061882 0.960170286650366
0.0 0.0 1.0
0.10708403848828553 0.27543638330148074 0.955336489125606
0.20460257874157994 0.5262688548013826 0.8253356149096783
0.2838445799937671 0.7300912968627316 0.6216099682706645
0.3377315902755755 0.8686968577706227 0.3623577544766736
0.3614500434475848 0.9297043155713335 0.0707372016677029
0.35288124072745136 0.9076640557550619 -0.2272020946930869
0.31279060774211753 0.8045448690897645 -0.5048461045998576
0.24475932133618702 0.6295580854054103 -0.7373937155412454
0.15486441371004042 0.39833475293392173 -0.904072142017061
0.05113592923230357 0.13152936332380624 -0.9899924966004454
-0.05716037550811159 -0.14702515258453872 -0.9874797699088649
-0.16035071414234478 -0.4124463494903457 -0.8967584163341472
-0.2492174010469512 -0.6410249423650207 -0.7259323042001402
-0.3158222397480602 -0.8123426862715399 -0.4902608213406994
-0.3542156183704431 -0.9110962773740122 -0.2107957994307797
-0.3609679707468892 -0.9284643514922565 0.0874989834394464
-0.3354761293498121 -0.8628954702917777 0.37797774271298024
-0.2800172044501051 -0.7202467066496148 0.6346928759426339
-0.19954517663844856 -0.5132604497780682 0.8347127848391598
-0.10124837249334381 -0.260426165546404 0.960170286650366
0.0 0.0 1.0
0.020904272455484416 0.2947799245848803 0.955336489125606
0.03994122851069519 0.563228036435261 0.8253356149096783
0.05541035357805778 0.7813646652254618 0.6216099682706645
0.06592983678624517 0.9297043155713335 0.3623577544766736
0.0705600040299336 0.9949962483002227 0.0707372016677029
0.0688872562590456 0.9714081295172355 -0.2272020946930869
0.061061015050091476 0.8610470156219127 -0.5048461045998576
0.04778037522175479 0.6737711362354023 -0.7373937155412454
0.03023165677681916 0.42630928790868683 -0.904072142017061
0.009982434469478687 0.1407665005492413 -0.9899924966004454
-0.01115848897882273 -0.15735053906626664 -0.9874797699088649
-0.03130265783942924 -0.4414119236564187 -0.8967584163341472
-0.04865065350241821 -0.6860432957419399 -0.7259323042001402
-0.06165283118190392 -0.8693924634281106 -0.4902608213406994
-0.06914774506952932 -0.9750813916254057 -0.2107957994307797
-0.07046589682944925 -0.99366920314614 0.0874989834394464
-0.06548953989073711 -0.9234955041463384 0.37797774271298024
-0.054663197397887 -0.7708287021627489 0.6346928759426339
-0.03895395428221749 -0.549306067936477 0.8347127848391598
-0.019765070445179098 -0.27871555863290276 0.960170286650366
-0.0 0.0 1.0
-0.06714280997759027 0.2877916531337802 0.955336489125606
-0.1282879527080376 0.5498757350089596 0.8253356149096783
-0.17797351469682657 0.7628410551438628 0.6216099682706645
-0.2117612326675839 0.9076640557550619 0.3623577544766736
-0.2266329504022938 0.9714081295172355 0.0707372016677029
-0.22126022164742604 0.9483792081670737 -0.2272020946930869
-0.19612297626131697 0.8406343966628731 -0.5048461045998576
-0.15346664950927624 0.657798218125189 -0.7373937155412454
-0.09710160401880681 0.41620288385072235 -0.904072142017061
-0.032062761434307134 0.1374293855186135 -0.9899924966004454
0.035840152138161004 -0.15362027052263866 -0.9874797699088649
0.10054157166110377 -0.4309474853178604 -0.8967584163341472
0.15626191202561787 -0.6697794447195086 -0.7259323042001402
0.1980238411761124 -0.8487820010958059 -0.4902608213406994
0.22209689035908975 -0.9519653892002382 -0.2107957994307797
0.22633068578662252 -0.9701125442794876 0.0874989834394464
0.21034703512247563 -0.9016024350171112 0.37797774271298024
0.17557371027715027 -0.7525548654332013 0.6346928759426339
0.1251169087953824 -0.5362838110175828 0.8347127848391598
0.0634837864805084 -0.2721081209516746 0.960170286650366
-0.0 0.0 1.0
-0.14919222516352215 0.2550958104240792 0.955336489125606
-0.28505755318511233 0.487404671842382 0.8253356149096783
-0.39545953895367963 0.6761751255385594 0.6216099682706645
-0.47053630188536594 0.8045448690897645 0.3623577544766736
-0.5035814583449439 0.8610470156219127 0.0707372016677029
-0.49164318292265685 0.8406343966628731 -0.2272020946930869
-0.4357878862067941 0.7451304106703497 -0.5048461045998576
-0.3410049555018788 0.5830661442781928 -0.7373937155412454
-0.21576106772040282 0.368918315735116 -0.904072142017061
-0.07124388635012446 0.12181611277884193 -0.9899924966004454
0.07963729920561942 -0.13616756073298023 -0.9874797699088649
0.22340472200320824 -0.3819877915857281 -0.8967584163341472
0.3472160663396347 -0.5936861906717265 -0.7259323042001402
0.440011633566612 -0.7523523704916364 -0.4902608213406994
0.49350227203226465 -0.8438131537498874 -0.2107957994307797
0.502909822311015 -0.8598986210712091 0.0874989834394464
0.46739393595451034 -0.7991719055663501 0.37797774271298024
0.3901271413157455 -0.6670575438719456 0.6346928759426339
0.2780114510398763 -0.4753569184483981 0.8347127848391598
0.14106182583055624 -0.24119407523217432 0.960170286650366
-0.0 0.0 1.0
-0.21791474320752188 0.19961301870860185 0.955336489125606
-0.41636381140916395 0.38139520095367924 0.8253356149096783
-0.5776203403736513 0.5291084857882838 0.6216099682706645
-0.6872797646310392 0.6295580854054103 0.3623577544766736
-0.7355465344057286 0.6737711362354023 0.0707372016677029
-0.7181091229043117 0.657798218125189 -0.2272020946930869
-0.6365251621632182 0.5830661442781928 -0.5048461045998576
-0.49808230441792034 0.45625050828027675 -0.7373937155412454
-0.3151472378331965 0.2886793732063129 -0.904072142017061
-0.10406100708047598 0.09532136948352196 -0.9899924966004454
0.11632068351492268 -0.1065514082842475 -0.9874797699088649
0.32631179388415 -0.298906266086846 -0.8967584163341472
0.5071544435442021 -0.4645607173578561 -0.7259323042001402
0.6426944971957868 -0.5887173433258084 -0.4902608213406994
0.7208245655185367 -0.6602856023626072 -0.2107957994307797
0.7345655222001519 -0.6728725150367502 0.0874989834394464
0.6826899285042844 -0.6253537299260437 0.37797774271298024
0.5698316767172363 -0.5219739585815477 0.6346928759426339
0.40607205835091875 -0.3719678080865366 0.8347127848391598
0.20603923239671412 -0.18873488110873085 0.960170286650366
-0.0 0.0 1.0
-0.2671715862456418 0.12629939052960004 0.955336489125606
-0.510477530396061 0.24131683265450385 0.8253356149096783
-0.7081840370865236 0.33477816082053014 0.6216099682706645
-0.8426305728940139 0.39833475293392173 0.3623577544766736
-0.901807429190407 0.42630928790868683 0.0707372016677029
-0.8804285136462902 0.41620288385072235 -0.2272020946930869
-0.7804035411154379 0.368918315735116 -0.5048461045998576
-0.6106674444945358 0.2886793732063129 -0.7373937155412454
-0.38638224377799385 0.18265356202868302 -0.904072142017061
-0.12758266796814907 0.060311852143223196 -0.9899924966004454
0.14261348759805456 -0.06741733587034382 -0.9874797699088649
0.4000704050559163 -0.18912433405637533 -0.8967584163341472
0.6217902247403021 -0.2939374187409281 -0.7259323042001402
0.7879673754961272 -0.37249394922882734 -0.4902608213406994
0.883757747363674 -0.4177767046126711 -0.2107957994307797
0.9006046717118061 -0.4257407112174419 0.0874989834394464
0.837003262962878 -0.39567456805194784 0.37797774271298024
0.6986348455394583 -0.3302639941406352 0.6346928759426339
0.49785945807407367 -0.23535192124188012 0.8347127848391598
0.25261176796946716 -0.11941656215573292 0.960170286650366
-0.0 0.0 1.0
-0.2925627871885391 0.04170381394590186 0.955336489125606
-0.5589918119230016 0.07968235039645075 0.8253356149096783
-0.7754877629164236 0.11054309980014132 0.6216099682706645
-0.9227117016458916 0.13152936332380624 0.3623577544766736
-0.9875125521345757 0.1407665005492413 0.0707372016677029
-0.9641018474015336 0.1374293855186135 -0.2272020946930869
-0.8545707959776078 0.12181611277884193 -0.5048461045998576
-0.6687034804755113 0.09532136948352196 -0.7373937155412454
-0.42310287462948887 0.060311852143223196 -0.904072142017061
-0.13970774909946293 0.01991485667481699 -0.9899924966004454
0.15616705357284455 -0.022261073628904535 -0.9874797699088649
0.4380919184542064 -0.062448488524425534 -0.8967584163341472
0.6808833370078415 -0.0970575659273463 -0.7259323042001402
0.8628534749081898 -0.12299678002779056 -0.4902608213406994
0.9677474816893965 -0.13794905808366142 -0.2107957994307797
0.9861954881264 -0.1405787576278683 0.0874989834394464
0.9165495887469801 -0.130650975432033 0.37797774271298024
0.7650310443197161 -0.10905253071228015 0.6346928759426339
0.5451745551580062 -0.07771274820983097 0.8347127848391598
0.2766192466508119 -0.03943111735788423 0.960170286650366
-0.0 -0.0 1.0
-0.29182022567735977 -0.04661704013314917 0.955336489125606
-0.5575730197089019 -0.08906991890846042 0.8253356149096783
-0.7735194764823694 -0.12356644710027281 0.6216099682706645
-0.9203697421569853 -0.14702515258453872 0.3623577544766736
-0.9850061198570179 -0.15735053906626664 0.0707372016677029
-0.9616548344658934 -0.15362027052263866 -0.2272020946930869
-0.8524017867616068 -0.13616756073298023 -0.5048461045998576
-0.6670062261125606 -0.1065514082842475 -0.7373937155412454
-0.42202898579698084 -0.06741733587034382 -0.904072142017061
-0.13935315308849483 -0.022261073628904535 -0.9899924966004454
0.15577068175668893 0.02488370402073521 -0.9874797699088649
0.4369799855247694 0.06980569450012435 -0.8967584163341472
0.6791551686220941 0.10849215018871168 -0.7259323042001402
0.8606634432011112 0.1374873252178192 -0.4902608213406994
0.9652912156709156 0.15420116695701183 -0.2107957994307797
0.9836923987245704 0.15714067770174703 0.0874989834394464
0.9142232694832381 0.14604327971179898 0.37797774271298024
0.7630892983655286 0.12190027049877078 0.6346928759426339
0.5437908328964536 0.08686827317171562 0.8347127848391598
0.27591715187044613 0.04407659171777108 0.960170286650366
-0.0 -0.0 1.0
-0.26501023252036277 -0.13077373285436228 0.955336489125606
-0.5063478902367278 -0.24986583762987277 0.8253356149096783
-0.7024549989494636 -0.34663817129314045 0.6216099682706645
-0.835813894693496 -0.4124463494903457 0.3623577544766736
-0.8945120244883032 -0.4414119236564187 0.0707372016677029
-0.8733060592170916 -0.4309474853178604 -0.2272020946930869
-0.7740902646008462 -0.3819877915857281 -0.5048461045998576
-0.6057272920830763 -0.298906266086846 -0.7373937155412454
-0.38325650457156707 -0.18912433405637533 -0.904072142017061
-0.12655055494082862 -0.062448488524425534 -0.9899924966004454
0.14145977886343003 0.06980569450012435 -0.9874797699088649
0.39683393192457633 0.1958243427338724 -0.8967584163341472
0.6167600917180394 0.3043505856452899 -0.7259323042001402
0.7815929093848205 0.38569009717351416 -0.4902608213406994
0.876608360236285 0.4325770610032276 -0.2107957994307797
0.8933189970277537 0.44082320429667915 0.0874989834394464
0.8302321083431189 0.4096919236325508 0.37797774271298024
0.6929830580599763 0.3419640835957949 0.6346928759426339
0.49383189507796804 0.24368961042637272 0.8347127848391598
0.2505681996640855 0.1236470701264406 0.960170286650366
-0.0 -0.0 1.0
-0.21452766455936784 -0.20324879749672367 0.955336489125606
-0.4098922117609244 -0.38834198523904256 0.8253356149096783
-0.5686423084478539 -0.5387457400199459 0.6216099682706645
-0.6765972812807811 -0.6410249423650207 0.3623577544766736
-0.7241138340535692 -0.6860432957419399 0.0707372016677029
-0.7069474546232559 -0.6697794447195086 -0.2272020946930869
-0.6266315645385605 -0.5936861906717265 -0.5048461045998576
-0.49034054305985236 -0.4645607173578561 -0.7373937155412454
-0.3102488612269243 -0.2939374187409281 -0.904072142017061
-0.10244357261964177 -0.0970575659273463 -0.9899924966004454
0.11451269522705873 0.10849215018871168 -0.9874797699088649
0.3212398850566994 0.3043505856452899 -0.8967584163341472
0.4992716726873025 0.47302228971867516 -0.7259323042001402
0.6327050087532131 0.5994403214306988 -0.4902608213406994
0.709620690741658 0.6723121345131817 -0.2107957994307797
0.7231480698548332 0.6851283069340318 0.0874989834394464
0.6720787856044916 0.6367440081806753 0.37797774271298024
0.5609747050555587 0.5314812635601533 0.6346928759426339
0.3997604248276075 0.3787428805505198 0.8347127848391598
0.20283673643677638 0.19217252401275178 0.960170286650366
-0.0 -0.0 1.0
-0.14488197924056156 -0.25756825238468023 0.955336489125606
-0.2768220827704941 -0.49212869988679686 0.8253356149096783
-0.3840344940922418 -0.6827287563109228 0.6216099682706645
-0.45694224780792714 -0.8123426862715399 0.3623577544766736
-0.4890327114157337 -0.8693924634281106 0.0707372016677029
-0.4774393393750383 -0.8487820010958059 -0.2272020946930869
-0.4231977330822618 -0.7523523704916364 -0.5048461045998576
-0.3311531336824084 -0.5887173433258084 -0.7373937155412454
-0.20952761110792734 -0.37249394922882734 -0.904072142017061
-0.06918561105903662 -0.12299678002779056 -0.9899924966004454
0.07733653357362763 0.1374873252178192 -0.9874797699088649
0.21695043598978458 0.38569009717351416 -0.8967584163341472
0.3371848020918732 0.5994403214306988 -0.7259323042001402
0.42729945404414027 0.7596443270583428 -0.4902608213406994
0.479244718371761 0.8519915673615027 -0.2107957994307797
0.48838047931839584 0.8682329383971777 0.0874989834394464
0.45389066656727284 0.8069176468616341 0.37797774271298024
0.3788561523721232 0.6735228051354006 0.6346928759426339
0.2699795464143665 0.4799641771465319 0.8347127848391598
0.1369864716423261 0.24353177866705636 0.960170286650366
-0.0 -0.0 1.0
-0.062294418211126294 -0.28887990239007305 0.955336489125606
-0.11902426157187923 -0.5519550234565603 0.8253356149096783
-0.16512202213056745 -0.7657256461383906 0.6216099682706645
-0.19646992422719467 -0.9110962773740122 0.3623577544766736
-0.21026775312939655 -0.9750813916254057 0.0707372016677029
-0.20528298987474003 -0.9519653892002382 -0.2272020946930869
-0.18196090851888636 -0.8438131537498874 -0.5048461045998576
-0.14238480113033694 -0.6602856023626072 -0.7373937155412454
-0.09008988351452112 -0.4177767046126711 -0.904072142017061
-0.029747504914657785 -0.13794905808366142 -0.9899924966004454
0.03325212970368927 0.15420116695701183 -0.9874797699088649
0.09328145060880136 0.4325770610032276 -0.8967584163341472
0.14497821734662264 0.6723121345131817 -0.7259323042001402
0.18372451171042162 0.8519915673615027 -0.4902608213406994
0.20605924262087827 0.9555651309423384 -0.2107957994307797
0.209987315084201 0.9737809072891047 0.0874989834394464
0.1951578460860277 0.9050117353519027 0.37797774271298024
0.16289550792608123 0.7554005604480131 0.6346928759426339
0.1160821991868417 0.5383117032519364 0.8347127848391598
0.05889961331619216 0.2731370648318477 0.960170286650366
0.0 -0.0 1.0
0.025857717668682327 -0.2943867710718801 0.955336489125606
0.04940564242880025 -0.562476848641667 0.8253356149096783
0.06854030829316789 -0.7803225445196498 0.6216099682706645
0.08155247254796309 -0.9284643514922565 0.3623577544766736
0.08727979731379897 -0.99366920314614 0.0707372016677029
0.08521067772675532 -0.9701125442794876 -0.2272020946930869
0.07552994207718482 -0.8598986210712091 -0.5048461045998576
0.05910234164900095 -0.6728725150367502 -0.7373937155412454
0.03739530506293249 -0.4257407112174419 -0.904072142017061
0.012347857248204863 -0.1405787576278683 -0.9899924966004454
-0.013802587879484051 0.15714067770174703 -0.9874797699088649
-0.03872008893947274 0.44082320429667915 -0.8967584163341472
-0.06017883977265018 0.6851283069340318 -0.7259323042001402
-0.07626199407663925 0.8682329383971777 -0.4902608213406994
-0.0855328915771384 0.9737809072891047 -0.2107957994307797
-0.08716339061148982 0.9923439278970635 0.0874989834394464
-0.08100784355699059 0.9222638208754838 0.37797774271298024
-0.06761610709925366 0.7698006334684394 0.6346928759426339
-0.048184425172093245 0.5485734481333283 0.8347127848391598
-0.02444857204963248 0.2783438304660045 0.960170286650366
0.0 -0.0 1.0
0.11170006063992655 -0.2735969462515939 0.955336489125606
0.21342228753372947 -0.5227542921349698 0.8253356149096783
0.29608013710733083 -0.7252155539955328 0.6216099682706645
0.3522900298341615 -0.8628954702917777 0.3623577544766736
0.37703090340411494 -0.9234955041463384 0.0707372016677029
0.36809272926572384 -0.9016024350171112 -0.2272020946930869
0.3262739278946426 -0.7991719055663501 -0.5048461045998576
0.2553100482704542 -0.6253537299260437 -0.7373937155412454
0.16154008241172696 -0.39567456805194784 -0.904072142017061
0.05334022209810619 -0.130650975432033 -0.9899924966004454
-0.059624361394957144 0.14604327971179898 -0.9874797699088649
-0.16726287826093555 0.4096919236325508 -0.8967584163341472
-0.25996030036273465 0.6367440081806753 -0.7259323042001402
-0.32943624306021024 0.8069176468616341 -0.4902608213406994
-0.36948462730900733 0.9050117353519027 -0.2107957994307797
-0.37652805021832997 0.9222638208754838 0.0874989834394464
-0.34993734379677116 0.8571328260136002 0.37797774271298024
-0.2920877766551651 0.7154367085607997 0.6346928759426339
-0.2081468783357278 0.5098327606825068 0.8347127848391598
-0.1056128392882528 0.25868697070248364 0.960170286650366
0.0 -0.0 1.0
0.1875645698650471 -0.22836752106308963 0.955336489125606
0.35837455531845713 -0.43633565160545995 0.8253356149096783
0.4971720090747231 -0.6053272179070976 0.6216099682706645
0.5915585679634826 -0.7202467066496148 0.3623577544766736
0.6331029617860864 -0.7708287021627489 0.0707372016677029
0.6180941535720024 -0.7525548654332013 -0.2272020946930869
0.5478728354589932 -0.6670575438719456 -0.5048461045998576
0.4287116686573686 -0.5219739585815477 -0.7373937155412454
0.2712549653056281 -0.3302639941406352 -0.904072142017061
0.08956786376856479 -0.10905253071228015 -0.9899924966004454
-0.10012006828334531 0.12190027049877078 -0.9874797699088649
-0.2808645728182189 0.3419640835957949 -0.8967584163341472
-0.43652028154849565 0.5314812635601533 -0.7259323042001402
-0.5531829335951028 0.6735228051354006 -0.4902608213406994
-0.6204314017014018 0.7554005604480131 -0.2107957994307797
-0.6322585804942886 0.7698006334684394 0.0874989834394464
-0.5876079833165045 0.7154367085607997 0.37797774271298024
-0.49046811503324556 0.5971649532276683 0.6346928759426339
-0.34951619077132445 0.42555023112995444 0.8347127848391598
-0.1773430261348201 0.21592237428089395 0.960170286650366
0.0 -0.0 1.0
0.24667449467853075 -0.16273870535386575 0.955336489125606
0.47131429140604114 -0.3109404468352172 0.8253356149096783
0.6538529861746094 -0.43136680425954127 0.6216099682706645
0.7779849410266485 -0.5132604497780682 0.3623577544766736
0.8326218181313707 -0.549306067936477 0.0707372016677029
0.8128830679793565 -0.5362838110175828 -0.2272020946930869
0.7205318943347288 -0.4753569184483981 -0.5048461045998576
0.5638177524941674 -0.3719678080865366 -0.7373937155412454
0.356739450014207 -0.23535192124188012 -0.904072142017061
0.11779467492417643 -0.07771274820983097 -0.9899924966004454
-0.13167234765469704 0.08686827317171562 -0.9874797699088649
-0.36937747157090545 0.24368961042637272 -0.8967584163341472
-0.5740872060505876 0.3787428805505198 -0.7259323042001402
-0.727515440189688 0.4799641771465319 -0.4902608213406994
-0.8159568867803847 0.5383117032519364 -0.2107957994307797
-0.8315113347995768 0.5485734481333283 0.0874989834394464
-0.7727893517307636 0.5098327606825068 0.37797774271298024
-0.6450363974326647 0.42555023112995444 0.6346928759426339
-0.4596642628323378 0.3032545668260545 0.8347127848391598
-0.23323168862884663 0.1538700752358647 0.960170286650366
0.0 -0.0 1.0
0.28374972154099376 -0.08257292577212771 0.955336489125606
0.5421529255346828 -0.15776985800794754 0.8253356149096783
0.752127223357966 -0.2188736787061882 0.6216099682706645
0.8949162363424967 -0.260426165546404 0.3623577544766736
0.957765047219918 -0.27871555863290276 0.0707372016677029
0.9350595588940965 -0.2721081209516746 -0.2272020946930869
0.8288279850145299 -0.24119407523217432 -0.5048461045998576
0.6485596756915665 -0.18873488110873085 -0.7373937155412454
0.4103574621127158 -0.11941656215573292 -0.904072142017061
0.13549923859094465 -0.03943111735788423 -0.9899924966004454
-0.1514627283633836 0.04407659171777108 -0.9874797699088649
-0.4248949808870651 0.1236470701264406 -0.8967584163341472
-0.6603726302120974 0.19217252401275178 -0.7259323042001402
-0.8368611592358691 0.24353177866705636 -0.4902608213406994
-0.9385953732878621 0.2731370648318477 -0.2107957994307797
-0.9564876580168589 0.2783438304660045 0.0874989834394464
-0.8889397489157363 0.25868697070248364 0.37797774271298024
-0.7419854995298559 0.21592237428089395 0.6346928759426339
-0.528751895290186 0.1538700752358647 0.8347127848391598
-0.26828645900021747 0.07807302063375395 0.960170286650366
