4.5 0.0 0.0
4.460530497001443 0.0 0.19470917115432526
4.348353354673582 0.0 0.3586780454497614
4.181178877238336 0.0 0.4660195429836132
3.9854002388493557 0.0 0.49978680152075255
3.791926581726429 0.0 0.45464871341284085
3.631303142229377 0.0 0.3377315902755753
3.5288888296656706 0.0 0.16749407507795233
3.5008526121026233 0.0 -0.029187071713790043
3.5516207918329266 0.0 -0.22126022164742623
3.673178189568194 0.0 -0.3784012476539641
3.84633356501079 0.0 -0.47580103694475806
4.043749491719724 0.0 -0.4980823044179203
4.234258335650188 0.0 -0.44172732786007657
4.387782939255125 0.0 -0.3156333189361604
4.480085143325183 0.0 -0.13970774909946293
4.144774473012983 1.7523825403889273 0.0
4.1084206533483325 1.7370123919594829 0.19470917115432526
4.00509866313143 1.6933285551492459 0.3586780454497614
3.851120772773009 1.6282277472700974 0.4660195429836132
3.6707967054939235 1.551987954449216 0.49978680152075255
3.492595666550907 1.4766457636120136 0.45464871341284085
3.34465168170759 1.4140960500671578 0.3377315902755753
3.2503218531775406 1.3742140382399193 0.16749407507795233
3.224498786760839 1.3632962208719126 -0.029187071713790043
3.2712593768469493 1.383066281264515 -0.22126022164742623
3.3832211544333988 1.4304029615859362 -0.3784012476539641
3.5427078166554993 1.497832840852624 -0.47580103694475806
3.7245399263420302 1.5747102237769428 -0.4980823044179203
3.900010191498964 1.6488978619754817 -0.44172732786007657
4.041415715499226 1.708683158614909 -0.3156333189361604
4.126431675328651 1.7446273299153057 -0.13970774909946293
3.1351801920622444 3.2281024090478527 0.0
3.1076815245085516 3.1997887206670605 0.19470917115432526
3.029526956813339 3.1193177643584673 0.3586780454497614
2.9130553767525966 2.9993941347273485 0.4660195429836132
2.7766550858401415 2.8589511360109983 0.49978680152075255
2.6418606908406654 2.720161629645261 0.45464871341284085
2.529953262864651 2.6049374269808196 0.3377315902755753
2.458600524168339 2.5314698960679576 0.16749407507795233
2.439067503287447 2.511357944633321 -0.029187071713790043
2.474438034726892 2.547776807586736 -0.22126022164742623
2.559127889299835 2.634976747246026 -0.3784012476539641
2.679766401130219 2.759190810491766 -0.47580103694475806
2.8173074018003215 2.900808327956993 -0.4980823044179203
2.9500361915566478 3.0374710075207383 -0.44172732786007657
3.0569978129380715 3.1476028170196746 -0.3156333189361604
3.1213053778012116 3.2138163653127814 -0.13970774909946293
1.6306098951450303 4.194175886852519 0.0
1.6163078146681629 4.157388767354163 0.19470917115432526
1.5756595572706291 4.052835286152488 0.3586780454497614
1.515082589021382 3.897022139006693 0.4660195429836132
1.4441406812402504 3.7145487958307193 0.49978680152075255
1.3740340012947967 3.53422378528713 0.45464871341284085
1.3158308524423252 3.384516461553386 0.3377315902755753
1.2787202321154685 3.289062319281547 0.16749407507795233
1.2685610912753031 3.262931468690106 -0.029187071713790043
1.286957334881244 3.3102493965221576 -0.22126022164742623
1.3310046005646234 3.423545642399891 -0.3784012476539641
1.3937487935855677 3.5849332202577204 -0.47580103694475806
1.4652839854857485 3.7689325801428875 -0.4980823044179203
1.5343163423803385 3.9464942689085105 -0.44172732786007657
1.589947172999545 4.089585200125937 -0.3156333189361604
1.6233935923996188 4.175614462040154 -0.13970774909946293
-0.13139785035579968 4.498081213686773 0.0
-0.1302453597227725 4.458628540364248 0.19470917115432526
-0.12696984075367532 4.346499230028688 0.3586780454497614
-0.12208842587159853 4.179396035282159 0.4660195429836132
-0.11637178315384353 3.9837008763091255 0.49978680152075255
-0.11072244478797073 3.790309715765145 0.45464871341284085
-0.10603231708426684 3.6297547656141576 0.3377315902755753
-0.10304186808059174 3.5273841222018345 0.16749407507795233
-0.10222322392061575 3.4993598591966837 -0.029187071713790043
-0.10370563051684659 3.5501063915295616 -0.22126022164742623
-0.10725504846290417 3.6716119575601525 -0.3784012476539641
-0.11231110270972829 3.844693500077313 -0.47580103694475806
-0.11807555346429538 4.0420252492355395 -0.4980823044179203
-0.12363832070123573 4.232452860774385 -0.44172732786007657
-0.1281211657879946 4.38591200195529 -0.3156333189361604
-0.13081634605419637 4.478174848646271 -0.13970774909946293
-1.872660764462141 4.091838420715567 0.0
-1.8562356556492035 4.055948903200891 0.19470917115432526
-1.8095534927365657 3.9539465163335095 0.3586780454497614
-1.7399843628004663 3.8019351941707122 0.4660195429836132
-1.658511701771385 3.6239141820561764 0.49978680152075255
-1.5779982514044726 3.4479890834757447 0.45464871341284085
-1.5111553151824533 3.301934603253185 0.3377315902755753
-1.4685359229919166 3.208809532368886 0.16749407507795233
-1.456868739744307 3.183316271880882 -0.029187071713790043
-1.4779957571363294 3.22947964707427 -0.22126022164742623
-1.5285814836627638 3.340011476046575 -0.3784012476539641
-1.6006395453843327 3.497461213377562 -0.47580103694475806
-1.682793558768278 3.6769710075484032 -0.4980823044179203
-1.7620732115041942 3.8502002091219096 -0.44172732786007657
-1.8259619896265424 3.9897997361343114 -0.3156333189361604
-1.8643732598566258 4.073729892785554 -0.13970774909946293
-3.318271719935606 3.039584312480178 0.0
-3.2891671564689338 3.0129241164499994 0.19470917115432526
-3.2064484366889934 2.9371525871080837 0.3586780454497614
-3.083175027629351 2.8242323828726956 0.4660195429836132
-2.938809090044095 2.691991121102501 0.49978680152075255
-2.7961428311588667 2.5613067893093864 0.45464871341284085
-2.6777001163051213 2.4528115699956423 0.3377315902755753
-2.602180445839167 2.3836344726974015 0.16749407507795233
-2.581506715200629 2.3646970400116416 -0.029187071713790043
-2.618942851883223 2.3989890761630646 -0.22126022164742623
-2.708578513050757 2.4810966226568496 -0.3784012476539641
-2.836262198714312 2.5980567032828343 -0.47580103694475806
-2.981835462417231 2.7314038930291034 -0.4980823044179203
-3.1223154866865834 2.8600856026734975 -0.44172732786007657
-3.235523564565825 2.9637858197173426 -0.3156333189361604
-3.303586629777691 3.0261325600503852 -0.13970774909946293
-4.2400005330089625 1.507446675701571 0.0
-4.202811485508633 1.4942248599045114 0.19470917115432526
-4.097115675894956 1.4566468465063258 0.3586780454497614
-3.939600148465858 1.4006453775570127 0.4660195429836132
-3.7551331415500697 1.3350618536430463 0.49978680152075255
-3.57283793947798 1.2702504711395393 0.45464871341284085
-3.4214949463488176 1.216443522270743 0.3377315902755753
-3.3249978930470703 1.1821359411555383 0.16749407507795233
-3.2985815425113203 1.1727441404967247 -0.029187071713790043
-3.346416455648294 1.1897508791113613 -0.22126022164742623
-3.4609505514680086 1.2304711669164643 -0.3784012476539641
-3.6241014146168915 1.2884761658255306 -0.47580103694475806
-3.810111111165855 1.3546081619250698 -0.4980823044179203
-3.9896128000120976 1.4184263671416761 -0.44172732786007657
-4.134267111370969 1.4698552901067126 -0.3156333189361604
-4.221236310138735 1.5007754347034539 -0.13970774909946293
-4.492326491076389 -0.2626836454241104 0.0
-4.4529242924297145 -0.26037964699505733 0.19470917115432526
-4.340938437280227 -0.25383140239951474 0.3586780454497614
-4.174049029810402 -0.24407273547627892 0.4660195429836132
-3.9786042378944733 -0.2326443251589042 0.49978680152075255
-3.78546049673475 -0.22135046614855206 0.45464871341284085
-3.6251109562146584 -0.2119742104535199 0.3377315902755753
-3.522871283015699 -0.20599586268288908 0.16749407507795233
-3.4948828734894644 -0.20435927249769692 -0.029187071713790043
-3.545564482090835 -0.20732282150283082 -0.22126022164742623
-3.6669145972091575 -0.2144186304729127 -0.3784012476539641
-3.8397747039142804 -0.2245264271942553 -0.47580103694475806
-4.036853992206488 -0.23605041281485123 -0.4980823044179203
-4.227037975844969 -0.24717120339467064 -0.44172732786007657
-4.380300785579737 -0.2561330706251676 -0.3156333189361604
-4.472445593697218 -0.2615211327242349 -0.13970774909946293
-4.035412873503661 -1.991341994826836 0.0
-4.00001826450118 -1.973875932863287 0.19470917115432526
-3.8994224679983573 -1.9242352541128125 0.3586780454497614
-3.7495073483620374 -1.8502571302505821 0.4660195429836132
-3.5739412066482794 -1.7636210804030277 0.49978680152075255
-3.4004420762843477 -1.678005031887114 0.45464871341284085
-3.256401655054828 -1.6069258762373346 0.3377315902755753
-3.164560758310248 -1.5616054492419056 0.16749407507795233
-3.1394190442484105 -1.549198849817595 -0.029187071713790043
-3.184945836703524 -1.5716648072171215 -0.22126022164742623
-3.293953456190303 -1.6254564407487009 -0.3784012476539641
-3.44923199645195 -1.702081234248445 -0.47580103694475806
-3.6262663902465913 -1.7894418176491464 -0.4980823044179203
-3.7971067994273238 -1.8737458757168455 -0.44172732786007657
-3.9347812798244144 -1.9416836513607685 -0.3156333189361604
-4.017554058170431 -1.9825292636229426 -0.13970774909946293
-2.9413962938862537 -3.405611228885677 0.0
-2.91559730503259 -3.375740610527805 0.19470917115432526
-2.842273431543274 -3.290844669297568 0.3586780454497614
-2.733000900796518 -3.1643266076227743 0.4660195429836132
-2.6050314427121966 -3.0161608455620055 0.49978680152075255
-2.478568620928642 -2.869739499075024 0.45464871341284085
-2.373578134340222 -2.748179279258713 0.3377315902755753
-2.3066356722478227 -2.670671871955254 0.16749407507795233
-2.2883099774845927 -2.6494539925445437 -0.029187071713790043
-2.321494274308163 -2.6878754776466787 -0.22126022164742623
-2.400949491906601 -2.7798704195758672 -0.3784012476539641
-2.5141313984828977 -2.9109148397868054 -0.47580103694475806
-2.6431710596330706 -3.060319705733653 -0.4980823044179203
-2.76769595018632 -3.204497274198457 -0.44172732786007657
-2.8680463279783015 -3.320685077297834 -0.3156333189361604
-2.9283790748603464 -3.3905396156604755 -0.13970774909946293
-1.382997914902887 -4.2822093325028225 0.0
-1.3708676392697188 -4.244650071594007 0.19470917115432526
-1.3363919161721198 -4.1379020703118155 0.3586780454497614
-1.285013704234803 -3.9788184908830395 0.4660195429836132
-1.2248444934182505 -3.79251513256882 0.49978680152075255
-1.1653836791094407 -3.6084051992076533 0.45464871341284085
-1.1160188164630067 -3.4555556010669917 0.3377315902755753
-1.084543531855936 -3.3580979288353996 0.16749407507795233
-1.0759270806489454 -3.331418606058386 -0.029187071713790043
-1.0915298110290397 -3.379729711177338 -0.22126022164742623
-1.1288883949421276 -3.4954039829588317 -0.3784012476539641
-1.1821047334290913 -3.660178997335124 -0.47580103694475806
-1.2427771367639973 -3.8480404026101658 -0.4980823044179203
-1.3013267665254176 -4.02932901358869 -0.44172732786007657
-1.348509923563622 -4.175423344772214 -0.3156333189361604
-1.3768774248458067 -4.263258313589854 -0.13970774909946293
0.39374542547751273 -4.482740739761282 0.0
0.39029188408827875 -4.44342261774578 0.19470917115432526
0.3804764981694488 -4.331675718638424 0.3586780454497614
0.36584890133684395 -4.165142420716807 0.4660195429836132
0.348718469498649 -3.970114669987634 0.49978680152075255
0.3317897211780807 -3.777383060019734 0.45464871341284085
0.3177353335055411 -3.617375674243286 0.3377315902755753
0.30877418526656697 -3.51535416062907 0.16749407507795233
0.3063210447303132 -3.4874254729271406 -0.029187071713790043
0.31076320884778585 -3.5379989368294855 -0.22126022164742623
0.3213993575791663 -3.659090114395541 -0.3784012476539641
0.3365502769074693 -3.8315813712411377 -0.47580103694475806
0.3538239698092574 -4.028240130649108 -0.4980823044179203
0.3704932999893974 -4.218018298642867 -0.44172732786007657
0.38392654673777343 -4.3709540753396565 -0.3156333189361604
0.3920028957631239 -4.462902264351792 -0.13970774909946293
2.108325020851697 -3.975545950740689 0.0
2.0898329006889327 -3.9406764345576533 0.19470917115432526
2.037276039369495 -3.8415730159027226 0.3586780454497614
1.9589520096751534 -3.693881945494971 0.4660195429836132
1.867226453705428 -3.5209203959196738 0.49978680152075255
1.776580819885884 -3.3499951927752196 0.45464871341284085
1.7013260606799077 -3.2080916673337647 0.3377315902755753
1.6533432478640435 -3.117613266086979 0.16749407507795233
1.6402078125355515 -3.092844539152122 -0.029187071713790043
1.6639935511107724 -3.137695923897296 -0.22126022164742623
1.7209452184696359 -3.2450863728637445 -0.3784012476539641
1.802071398589768 -3.398061295461477 -0.47580103694475806
1.8945640514331168 -3.572469315025793 -0.4980823044179203
1.9838206208447011 -3.7407752401520256 -0.44172732786007657
2.055749457088396 -3.876407265974398 -0.3156333189361604
2.0989945784929875 -3.957952077893322 -0.13970774909946293
3.4900464532961255 -2.8406998704254436 0.0
3.459435253528687 -2.8157840899690534 0.19470917115432526
3.37243448959041 -2.74497040248562 0.3586780454497614
3.2427796691338515 -2.63943873217701 0.4660195429836132
3.0909404374581615 -2.515850209353977 0.49978680152075255
2.9408888706030276 -2.393716744305125 0.45464871341284085
2.816314811640159 -2.292320525690333 0.3377315902755753
2.7368857653446645 -2.227669786928237 0.16749407507795233
2.715141831640275 -2.2099714581285554 -0.029187071713790043
2.754515899553174 -2.2420197162578015 -0.22126022164742623
2.8487916695171465 -2.3187548460346523 -0.3784012476539641
2.983085070391056 -2.4280620577198193 -0.47580103694475806
3.136194127020985 -2.552684146035816 -0.4980823044179203
3.283946285927888 -2.6729460234287434 -0.44172732786007657
3.4030147299956885 -2.7698609837771127 -0.3156333189361604
3.4746011699837154 -2.828128285808623 -0.13970774909946293
4.320766289926647 -1.2573697418951664 0.0
4.282868845918575 -1.2463413510511605 0.19470917115432526
4.175159687014014 -1.2149973189410896 0.3586780454497614
4.014643721094389 -1.168286179042375 0.4660195429836132
3.8266628897524226 -1.1135825932602108 0.49978680152075255
3.6408952329334077 -1.0595230549668402 0.45464871341284085
3.4866693789887555 -1.0146423765973462 0.3377315902755753
3.3883341991373617 -0.9860262304296578 0.16749407507795233
3.3614146560832583 -0.9781924767316654 -0.029187071713790043
3.410160753767621 -0.9923778929636607 -0.22126022164742623
3.526876555195565 -1.0263429138116256 -0.3784012476539641
3.6931352016693344 -1.0747252093067405 -0.47580103694475806
3.8826881086067986 -1.1298862788205197 -0.4980823044179203
4.0656090398929425 -1.183117402358652 -0.44172732786007657
4.213018802544179 -1.226014555960718 -0.3156333189361604
4.301644636284586 -1.251805222295812 -0.13970774909946293
