0.0 0.0 4.0
0.0 0.2 3.6
0.0 0.4 3.2
0.0 0.6000000000000001 2.8
0.0 0.8 2.4
0.0 1.0 2.0
0.0 1.2000000000000002 1.5999999999999996
0.0 1.4000000000000001 1.1999999999999997
0.0 1.6 0.7999999999999998
0.0 1.8 0.3999999999999999
0.2 0.0 3.8
0.2 0.2 3.4
0.2 0.4 3.0
0.2 0.6000000000000001 2.5999999999999996
0.2 0.8 2.1999999999999997
0.2 1.0 1.7999999999999998
0.2 1.2000000000000002 1.3999999999999995
0.2 1.4000000000000001 0.9999999999999996
0.2 1.6 0.5999999999999996
0.2 1.8 0.19999999999999973
0.4 0.0 3.6
0.4 0.2 3.2
0.4 0.4 2.8
0.4 0.6000000000000001 2.4
0.4 0.8 2.0
0.4 1.0 1.6
0.4 1.2000000000000002 1.1999999999999997
0.4 1.4000000000000001 0.7999999999999998
0.4 1.6 0.3999999999999999
0.6000000000000001 0.0 3.4
0.6000000000000001 0.2 3.0
0.6000000000000001 0.4 2.5999999999999996
0.6000000000000001 0.6000000000000001 2.1999999999999997
0.6000000000000001 0.8 1.7999999999999998
0.6000000000000001 1.0 1.4
0.6000000000000001 1.2000000000000002 0.9999999999999996
0.6000000000000001 1.4000000000000001 0.5999999999999996
0.6000000000000001 1.6 0.19999999999999973
0.8 0.0 3.2
0.8 0.2 2.8000000000000003
0.8 0.4 2.4000000000000004
0.8 0.6000000000000001 2.0
0.8 0.8 1.6
0.8 1.0 1.2000000000000002
0.8 1.2000000000000002 0.7999999999999998
0.8 1.4000000000000001 0.3999999999999999
1.0 0.0 3.0
1.0 0.2 2.6
1.0 0.4 2.2
1.0 0.6000000000000001 1.7999999999999998
1.0 0.8 1.4
1.0 1.0 1.0
1.0 1.2000000000000002 0.5999999999999996
1.0 1.4000000000000001 0.19999999999999973
1.2000000000000002 0.0 2.8
1.2000000000000002 0.2 2.4
1.2000000000000002 0.4 1.9999999999999998
1.2000000000000002 0.6000000000000001 1.5999999999999996
1.2000000000000002 0.8 1.1999999999999997
1.2000000000000002 1.0 0.7999999999999998
1.2000000000000002 1.2000000000000002 0.39999999999999947
1.4000000000000001 0.0 2.5999999999999996
1.4000000000000001 0.2 2.1999999999999997
1.4000000000000001 0.4 1.7999999999999996
1.4000000000000001 0.6000000000000001 1.3999999999999995
1.4000000000000001 0.8 0.9999999999999996
1.4000000000000001 1.0 0.5999999999999996
1.4000000000000001 1.2000000000000002 0.1999999999999993
1.6 0.0 2.4
1.6 0.2 2.0
1.6 0.4 1.5999999999999999
1.6 0.6000000000000001 1.1999999999999997
1.6 0.8 0.7999999999999998
1.6 1.0 0.3999999999999999
1.8 0.0 2.2
1.8 0.2 1.8000000000000003
1.8 0.4 1.4000000000000001
1.8 0.6000000000000001 1.0
1.8 0.8 0.6000000000000001
1.8 1.0 0.20000000000000018
2.0 0.0 2.0
2.0 0.2 1.6
2.0 0.4 1.2
2.0 0.6000000000000001 0.7999999999999998
2.0 0.8 0.3999999999999999
2.2 0.0 1.7999999999999998
2.2 0.2 1.4
2.2 0.4 0.9999999999999998
2.2 0.6000000000000001 0.5999999999999996
2.2 0.8 0.19999999999999973
2.4000000000000004 0.0 1.5999999999999996
2.4000000000000004 0.2 1.1999999999999997
2.4000000000000004 0.4 0.7999999999999996
2.4000000000000004 0.6000000000000001 0.39999999999999947
2.6 0.0 1.4
2.6 0.2 0.9999999999999999
2.6 0.4 0.5999999999999999
2.6 0.6000000000000001 0.19999999999999973
2.8000000000000003 0.0 1.1999999999999997
2.8000000000000003 0.2 0.7999999999999997
2.8000000000000003 0.4 0.3999999999999997
3.0 0.0 1.0
3.0 0.2 0.6
3.0 0.4 0.19999999999999996
3.2 0.0 0.7999999999999998
3.2 0.2 0.3999999999999998
3.4000000000000004 0.0 0.5999999999999996
3.4000000000000004 0.2 0.19999999999999962
3.6 0.0 0.3999999999999999
3.8000000000000003 0.0 0.19999999999999973
